
1.0	 -1, -1, -1, 0, 0, 0, -1, -1, 1; 0, 0, 0, 0, 0, 0; 127; 35.87, 75, 0.82, 91.14, 7.45, 304.0, 238.1, 1, 16.11, 6.27, 15.76, 0.03, 12.75, 10.74, 0.4, 0, 1.0, 0.01, 149.99
2.0	 -1, 1, 0, 0, 1, 1, 0, 1, 1; 0, 0, 0, 0, 0, 0; 127; 34.87, 80, 0.93, 86.0, 7.48, 304.0, 249.3, 1, 16.11, 6.26, 35.54, 0.06, 11.75, 11.61, 0.4, 0.01, 2.0, 0.02, 149.98
3.0	 -1, 1, 1, 0, 1, 0, 1, -1, -1; 0, 0, 0, 0, 0, 2; -255; 33.87, 85, 1.07, 79.55, 7.38, 380.0, 336.43, 1, 20.14, 6.25, 55.33, 0.09, 10.75, 11.61, 0.5, 0, 3.0, 0.01, 149.97

1.0	 0, 1, -1, 0, 0, 0, -1, 1, -1; 0, 0, 0, 0, 0, 0; 127; 36.81, 85, 0.98, 86.36, 7.45, 304.0, 244.86, 1, 16.11, 5.79, 15.75, 0.03, 12.75, 10.93, 0.4, 0.01, 1.0, 0, 150.01
2.0	 0, 1, 1, 0, 0, 1, -1, 0, 0; 0, 0, 0, 0, 0, 0; 127; 36.81, 90, 1.04, 86.23, 7.39, 380.0, 325.54, 1, 20.14, 5.77, 15.5, 0.06, 11.75, 11.73, 0.5, 0.01, 2.0, 0.0, 150.02
3.0	 1, -1, 1, 0, 0, 0, 0, -1, -1; 0, 0, 0, 0, 0, 0; 127; 37.81, 85, 1.18, 72.31, 7.31, 456.0, 404.78, 1, 24.17, 5.75, 15.23, 0.1, 10.75, 11.73, 0.6, 0, 3.0, 0, 150.02
4.0	 0, -1, -1, 0, 0, 0, 0, 0, 0; 0, 0, 0, 0, 0, -1; 117; 37.81, 80, 1.11, 72.23, 7.39, 380.0, 325.28, 1, 20.14, 5.73, 14.96, 0.14, 9.75, 11.73, 0.5, 0.0, 4.0, 0.0, 150.02
5.0	 1, 0, -1, 0, 0, 0, 0, 0, 1; 1, 0, 0, 0, 0, -1; 107; 38.81, 80, 1.18, 67.68, 7.49, 304.0, 248.25, 1, 16.11, 5.71, 14.67, 0.18, 8.75, 11.73, 0.4, 0.0, 5.0, 0.01, 150.01

1.0	 -1, 0, 1, 0, 1, 0, 0, 0, -1; 0, 0, 0, 0, 0, 0; 127; 35.35, 80, 0.96, 83.65, 7.27, 456.0, 402.78, 1, 24.17, 5.06, 35.77, 0.03, 12.75, 10.74, 0.6, 0.0, 1.0, 0, 150.0
2.0	 1, 1, 1, 0, 0, 0, -1, -1, 1; 0, 0, 0, 0, 0, 0; 127; 36.35, 85, 0.96, 88.62, 7.2, 532.0, 475.61, 1, 28.2, 5.04, 35.52, 0.06, 11.75, 10.74, 0.7, 0, 2.0, 0.01, 149.99
3.0	 0, 1, 1, 0, 0, 0, -1, 1, -1; 0, 0, -1, 1, 0, 0; 107; 36.35, 90, 1.01, 88.77, 7.15, 608.0, 554.84, 1, 32.22, 5.02, 35.27, 0.09, 10.75, 10.93, 0.8, 0.01, 3.0, 0, 150.0
4.0	 -1, 0, -1, 0, 0, 0, 1, 0, -1; 0, 0, 0, 0, 0, 0; 127; 35.35, 90, 1.22, 73.48, 7.22, 532.0, 490.73, 1, 28.2, 5.0, 35.04, 0.12, 9.75, 11.04, 0.7, 0.01, 4.0, 0, 150.01
5.0	 0, -1, 0, 1, 1, 0, 1, 1, -1; 0, 0, 0, 0, 0, 2; -255; 35.35, 85, 1.15, 73.66, 7.23, 532.0, 488.28, 1, 28.2, 6.83, 54.81, 0.15, 8.75, 11.32, 0.7, 0.02, 5.0, 0, 150.03
6.0	 -1, 0, -1, 0, 1, 0, -1, 0, 0; 0, 0, 0, 0, 0, 2; -255; 34.35, 85, 0.86, 98.73, 7.31, 456.0, 401.29, 1, 24.17, 6.81, 74.6, 0.18, 7.75, 11.63, 0.6, 0.02, 6.0, 0.0, 150.05
7.0	 0, 0, -1, 0, 0, 0, 0, 0, -1; 0, 0, 0, 0, 0, 2; -255; 34.35, 85, 0.96, 88.26, 7.39, 380.0, 330.77, 1, 20.14, 6.79, 74.39, 0.21, 6.75, 11.9, 0.5, 0.02, 7.0, 0, 150.07
8.0	 -1, -1, 1, 1, 0, 0, 1, 0, -1; 0, 0, 0, 0, 0, 2; -255; 33.35, 80, 0.98, 81.79, 7.32, 456.0, 411.12, 1, 24.17, 8.63, 74.19, 0.24, 5.75, 12.16, 0.6, 0.02, 8.0, 0, 150.09

1.0	 -1, 0, 0, 0, 1, 0, -1, 0, -1; 0, 0, 0, 0, 0, 0; 127; 35.68, 80, 0.87, 92.05, 7.35, 380.0, 319.56, 1, 20.14, 5.51, 35.76, 0.03, 12.75, 10.74, 0.5, 0.0, 1.0, 0, 150.0
2.0	 1, -1, 1, 0, 0, 0, 1, 1, 0; 0, 0, 0, 0, 0, 0; 127; 36.68, 75, 1.1, 68.24, 7.28, 456.0, 405.25, 1, 24.17, 5.49, 35.51, 0.06, 11.75, 10.91, 0.6, 0.01, 2.0, 0.0, 150.01
3.0	 1, 1, 1, 1, 0, 1, 0, -1, 0; 0, 0, 0, 0, 0, 0; 127; 37.68, 80, 1.09, 73.07, 7.24, 532.0, 477.86, 1, 28.2, 7.32, 35.24, 0.1, 10.75, 11.58, 0.7, 0, 3.0, 0.0, 150.01
4.0	 -1, -1, -1, 0, 1, 0, 0, -1, 0; 0, 0, 0, 0, 0, 2; -255; 36.68, 75, 0.97, 77.66, 7.3, 456.0, 398.54, 1, 24.17, 7.3, 54.99, 0.13, 9.75, 11.58, 0.6, 0, 4.0, 0.0, 150.01
5.0	 1, -1, 1, 1, 1, 1, 1, -1, -1; 0, 0, 0, 0, 1, 2; -255; 37.68, 70, 1.09, 64.25, 7.26, 532.0, 477.7, 1, 28.2, 9.13, 74.72, 0.17, 8.75, 12.25, 0.7, 0, 5.0, 0, 150.01
6.0	 1, -1, 1, 0, 1, 0, 1, 0, 1; 1, 0, 0, 1, 1, 2; -255; 38.68, 65, 1.08, 60.08, 7.2, 608.0, 549.62, 1, 32.22, 9.11, 94.43, 0.21, 7.75, 12.25, 0.8, 0.0, 6.0, 0.01, 150.0

1.0	 1, 1, 0, 1, 0, 0, -1, -1, 0; 0, 0, 0, 0, 0, 0; 127; 37.63, 85, 1.04, 81.89, 7.35, 380.0, 322.01, 1, 20.14, 8.25, 15.73, 0.04, 12.75, 10.74, 0.5, 0, 1.0, 0.0, 150.0
2.0	 0, -1, -1, 0, 0, 0, -1, 1, 1; 0, 0, 0, 0, 0, 0; 127; 37.63, 80, 0.98, 82.01, 7.45, 304.0, 241.28, 1, 16.11, 8.23, 15.46, 0.08, 11.75, 10.93, 0.4, 0.01, 2.0, 0.01, 150.0
3.0	 1, 1, 1, 0, 0, 1, -1, 1, 1; 1, 0, 0, 0, 0, 0; 117; 38.63, 85, 1.11, 76.82, 7.39, 380.0, 321.97, 1, 20.14, 8.21, 15.17, 0.12, 10.75, 11.89, 0.5, 0.02, 3.0, 0.02, 150.0

1.0	 0, -1, -1, 1, 0, 0, 0, -1, 0; 0, 0, 0, 0, 0, 0; 127; 36.56, 75, 0.96, 78.05, 7.45, 304.0, 244.47, 1, 16.11, 8.06, 15.75, 0.03, 12.75, 10.74, 0.4, 0, 1.0, 0.0, 150.0
2.0	 0, 1, -1, 0, 0, 0, 1, -1, 1; 0, 0, 1, 0, 0, 0; 117; 36.56, 80, 1.17, 68.59, 7.57, 228.0, 175.49, 1, 12.08, 8.04, 15.5, 0.06, 11.75, 10.74, 0.3, 0, 2.0, 0.01, 149.99
3.0	 1, 1, -1, 1, 0, 0, 0, 0, 0; 0, 0, 2, 0, 1, 0; -255; 37.56, 85, 1.16, 73.39, 7.75, 152.0, 86.03, 0.97, 8.06, 9.87, 15.23, 0.1, 10.75, 10.74, 0.2, 0.0, 3.0, 0.01, 149.98
4.0	 -1, 0, 1, 0, 0, 1, 0, 1, 1; 0, 0, 2, 0, 1, -1; -255; 36.56, 85, 1.09, 78.06, 7.6, 228.0, 173.21, 1, 12.08, 9.85, 14.98, 0.13, 9.75, 11.58, 0.3, 0.01, 4.0, 0.02, 149.97
5.0	 0, -1, -1, 1, 0, 0, 0, 0, 1; 0, 0, 2, 0, 1, -1; -255; 36.56, 80, 1.02, 78.15, 7.79, 152.0, 86.17, 0.97, 8.06, 11.69, 14.73, 0.16, 8.75, 11.71, 0.2, 0.01, 5.0, 0.03, 149.95
6.0	 0, -1, 0, 0, 1, 0, 1, -1, 1; 0, 0, 2, 0, 1, 0; -255; 36.56, 75, 1.09, 68.93, 7.79, 152.0, 90.77, 0.98, 8.06, 11.68, 34.48, 0.19, 7.75, 11.71, 0.2, 0, 6.0, 0.04, 149.91
7.0	 -1, -1, -1, 0, 0, 1, 1, 1, 0; 0, 0, 2, 0, 1, 0; -255; 35.56, 70, 0.96, 72.7, 7.82, 152.0, 89.53, 0.97, 8.06, 11.67, 34.25, 0.22, 6.75, 12.56, 0.2, 0.01, 7.0, 0.04, 149.88
8.0	 -1, 1, 1, 0, 0, 0, 0, 1, 1; 0, 0, 2, 0, 1, 0; -255; 34.56, 75, 0.86, 87.23, 7.65, 228.0, 170.14, 1, 12.08, 11.66, 34.03, 0.25, 5.75, 12.89, 0.3, 0.02, 8.0, 0.05, 149.85
9.0	 1, -1, 0, 0, 0, 0, -1, -1, -1; 0, 0, 2, 0, 1, 0; -255; 35.56, 70, 0.76, 92.52, 7.65, 228.0, 158.68, 1, 12.08, 11.65, 33.8, 0.28, 4.75, 13.0, 0.3, 0.01, 9.0, 0.04, 149.82
10.0	 -1, -1, 1, 0, 1, 0, 1, 1, 0; 0, 0, 1, 0, 1, 2; -255; 34.56, 65, 0.85, 76.67, 7.54, 304.0, 247.39, 1, 16.11, 11.64, 53.58, 0.31, 3.75, 13.32, 0.4, 0.02, 10.0, 0.04, 149.8
11.0	 -1, -1, 0, 0, 0, 0, 1, 1, 0; 0, 0, 1, 0, 1, 2; -255; 33.56, 60, 0.74, 80.72, 7.56, 304.0, 244.06, 1, 16.11, 11.63, 53.38, 0.34, 2.75, 13.82, 0.4, 0.03, 11.0, 0.04, 149.79

1.0	 0, 0, 1, 0, 0, 1, 1, 1, 0; 0, 0, 0, 0, 0, 0; 127; 36.05, 80, 1.13, 70.73, 7.3, 456.0, 408.63, 1, 24.17, 5.25, 15.76, 0.03, 12.75, 11.57, 0.6, 0.01, 1.0, 0.0, 150.01
2.0	 1, 1, -1, 0, 0, 0, 1, 1, 0; 0, 0, 0, 0, 0, 0; 127; 37.05, 85, 1.27, 66.85, 7.39, 380.0, 334.29, 1, 20.14, 5.23, 15.5, 0.06, 11.75, 11.81, 0.5, 0.02, 2.0, 0.0, 150.03
3.0	 -1, 0, 0, 0, 0, 0, 0, 1, 0; 0, 0, 0, 0, 0, 0; 127; 36.05, 85, 1.05, 80.69, 7.41, 380.0, 328.85, 1, 20.14, 5.21, 15.26, 0.09, 10.75, 12.21, 0.5, 0.03, 3.0, 0.0, 150.06
4.0	 0, -1, 1, 0, 0, 1, 0, 1, -1; 0, 0, 0, 0, 0, 0; 127; 36.05, 80, 1.0, 80.36, 7.37, 456.0, 402.59, 1, 24.17, 5.19, 15.02, 0.12, 9.75, 13.41, 0.6, 0.04, 4.0, 0, 150.1
5.0	 -1, -1, -1, 0, 0, 0, 1, -1, 1; 0, 0, 0, 0, 0, -1; 117; 35.05, 75, 1.0, 74.85, 7.46, 380.0, 330.07, 1, 20.14, 5.17, 14.79, 0.15, 8.75, 13.71, 0.5, 0.03, 5.0, 0.01, 150.11
6.0	 1, 1, -1, 0, 0, 1, 1, 0, 0; 0, 0, 1, 0, 0, -1; 107; 36.05, 80, 1.13, 70.92, 7.58, 304.0, 255.72, 1, 16.11, 5.15, 14.55, 0.18, 7.75, 14.67, 0.4, 0.03, 6.0, 0.01, 150.13
7.0	 1, -1, -1, 1, 0, 0, 1, 0, -1; 0, 0, 2, 0, 0, -1; -255; 37.05, 75, 1.12, 66.76, 7.71, 228.0, 174.6, 1, 12.08, 6.98, 14.29, 0.21, 6.75, 14.94, 0.3, 0.03, 7.0, 0, 150.16
8.0	 0, 0, 0, 0, 0, 0, -1, -1, -1; 0, 0, 2, 0, 0, -1; -255; 37.05, 75, 0.88, 84.81, 7.72, 228.0, 161.61, 1, 12.08, 6.96, 14.03, 0.24, 5.75, 15.12, 0.3, 0.02, 8.0, 0, 150.18
9.0	 0, 0, -1, 1, 1, 0, 0, 0, 0; 0, 0, 2, 0, 0, 0; -255; 37.05, 75, 0.99, 75.69, 7.9, 152.0, 88.4, 0.97, 8.06, 8.79, 33.77, 0.27, 4.75, 15.31, 0.2, 0.02, 9.0, 0.0, 150.2
10.0	 1, 0, 0, 1, 0, 0, 1, 1, 1; 1, 0, 2, 0, 1, 0; -255; 38.05, 75, 1.2, 62.7, 7.91, 152.0, 96.22, 0.99, 8.06, 10.62, 33.49, 0.31, 3.75, 15.57, 0.2, 0.03, 10.0, 0.01, 150.22

1.0	 -1, 1, 0, 0, 0, 0, 0, 1, -1; 0, 0, 0, 0, 0, 0; 127; 35.62, 85, 1.03, 82.62, 7.36, 380.0, 328.88, 1, 20.14, 5.63, 15.77, 0.03, 12.75, 10.92, 0.5, 0.01, 1.0, 0, 150.01
2.0	 1, 0, -1, 0, 0, 1, 1, 1, 0; 0, 0, 0, 0, 0, 0; 127; 36.62, 85, 1.24, 68.42, 7.49, 304.0, 257.32, 1, 16.11, 5.61, 15.52, 0.06, 11.75, 11.85, 0.4, 0.02, 2.0, 0.0, 150.03
3.0	 -1, 0, 1, 0, 0, 1, 1, -1, -1; 0, 0, 0, 0, 0, 0; 127; 35.62, 85, 1.17, 72.66, 7.42, 380.0, 335.11, 1, 20.14, 5.59, 15.29, 0.09, 10.75, 12.59, 0.5, 0.01, 3.0, 0, 150.04
4.0	 -1, 1, 0, 1, 0, 1, -1, 1, 0; 0, 0, 0, 0, 0, 0; 127; 34.62, 90, 0.92, 97.64, 7.45, 380.0, 327.24, 1, 20.14, 7.42, 15.07, 0.12, 9.75, 13.56, 0.5, 0.02, 4.0, 0.0, 150.06
5.0	 0, 0, -1, 0, 1, 0, -1, -1, 0; 0, 0, 1, 0, 0, 0; 117; 34.62, 90, 0.93, 97.28, 7.55, 304.0, 250.64, 1, 16.11, 7.41, 34.85, 0.15, 8.75, 13.64, 0.4, 0.01, 5.0, 0.0, 150.07
6.0	 1, 1, 0, 0, 0, 0, 0, 0, 0; 0, 0, 1, 0, 0, 0; 117; 35.62, 95, 1.15, 82.6, 7.55, 304.0, 257.94, 1, 16.11, 7.39, 34.62, 0.18, 7.75, 13.74, 0.4, 0.01, 6.0, 0.0, 150.08
7.0	 1, -1, -1, 1, 1, 0, 0, 0, 0; 0, 0, 2, 0, 1, 2; -255; 36.62, 90, 1.15, 78.0, 7.68, 228.0, 177.35, 1, 12.08, 9.22, 54.37, 0.21, 6.75, 13.84, 0.3, 0.01, 7.0, 0.0, 150.09
8.0	 -1, 0, 0, 0, 1, 0, -1, -1, 1; 0, 0, 2, 0, 1, 2; -255; 35.62, 90, 0.98, 92.23, 7.68, 228.0, 172.98, 1, 12.08, 9.21, 74.14, 0.24, 5.75, 13.84, 0.3, 0, 8.0, 0.01, 150.08
9.0	 1, 0, -1, 0, 1, 0, 1, -1, -1; 0, 0, 2, 0, 1, 2; -255; 36.62, 90, 1.32, 68.36, 7.86, 152.0, 103.66, 1, 8.06, 9.19, 93.89, 0.27, 4.75, 13.84, 0.2, 0, 9.0, 0, 150.08
10.0	 -1, 1, -1, 0, 0, 0, 1, 0, 0; 0, 0, 2, 0, 1, 2; -255; 35.62, 95, 1.31, 72.65, 7.86, 152.0, 107.63, 1, 8.06, 9.17, 93.66, 0.3, 3.75, 13.84, 0.2, 0.0, 10.0, 0.0, 150.08
11.0	 -1, 0, -1, 1, 0, 1, 1, -1, 1; 0, 0, 2, 0, 1, 2; -255; 34.62, 95, 1.24, 76.66, 7.88, 152.0, 109.7, 1, 8.06, 11.01, 93.44, 0.33, 2.75, 14.51, 0.2, 0, 11.0, 0.01, 150.07
12.0	 -1, 1, 0, 0, 0, 1, 0, -1, 1; 0, 0, 2, 0, 1, 2; -255; 33.62, 100, 1.09, 91.69, 7.9, 152.0, 108.86, 1, 8.06, 11.0, 93.24, 0.36, 1.75, 15.18, 0.2, 0, 12.0, 0.02, 150.05

1.0	 0, 1, 0, 0, 1, 0, -1, 1, 1; 0, 0, 0, 0, 0, 0; 127; 36.05, 85, 0.94, 90.32, 7.36, 380.0, 322.64, 1, 20.14, 6.47, 35.76, 0.03, 12.75, 10.94, 0.5, 0.01, 1.0, 0.01, 150.0
2.0	 -1, 0, -1, 1, 0, 0, 1, 1, -1; 0, 0, 0, 0, 0, 0; 127; 35.05, 85, 1.13, 74.95, 7.47, 304.0, 258.09, 1, 16.11, 8.3, 35.53, 0.06, 11.75, 11.22, 0.4, 0.02, 2.0, 0, 150.02
3.0	 -1, 0, 1, 1, 0, 0, 1, 0, 0; 0, 0, 0, 0, 1, 0; 117; 34.05, 85, 1.08, 78.92, 7.38, 380.0, 336.23, 1, 20.14, 10.14, 35.32, 0.09, 10.75, 11.47, 0.5, 0.02, 3.0, 0.0, 150.04
4.0	 -1, 0, 0, 1, 0, 0, 0, -1, 0; 0, 0, 0, 0, 1, 0; 117; 33.05, 85, 0.9, 94.07, 7.38, 380.0, 331.62, 1, 20.14, 11.98, 35.12, 0.12, 9.75, 11.57, 0.5, 0.01, 4.0, 0.0, 150.05

1.0	 1, 1, 0, 1, 0, 0, 0, -1, 0; 0, 0, 0, 0, 0, 0; 127; 37.47, 85, 1.15, 73.93, 7.35, 380.0, 328.03, 1, 20.14, 8.1, 15.73, 0.04, 12.75, 10.74, 0.5, 0, 1.0, 0.0, 150.0
2.0	 1, 1, 1, 1, 0, 1, -1, 1, -1; 1, 0, 0, 0, 1, 0; 107; 38.47, 90, 1.16, 77.6, 7.3, 456.0, 401.63, 1, 24.17, 9.93, 15.44, 0.08, 11.75, 11.57, 0.6, 0.01, 2.0, 0, 150.01

1.0	 0, -1, -1, 0, 1, 0, -1, 1, 1; 0, 0, 0, 0, 0, 0; 127; 35.9, 75, 0.82, 90.97, 7.46, 304.0, 238.08, 1, 16.11, 6.21, 35.76, 0.03, 12.75, 10.97, 0.4, 0.01, 1.0, 0.01, 150.0
2.0	 1, 1, 0, 0, 0, 0, -1, 1, -1; 0, 0, 0, 0, 0, 0; 127; 36.9, 80, 0.93, 85.71, 7.47, 304.0, 241.67, 1, 16.11, 6.19, 35.5, 0.06, 11.75, 11.31, 0.4, 0.02, 2.0, 0, 150.02
3.0	 1, -1, 0, 1, 0, 1, 1, 0, 1; 0, 0, 1, 0, 0, 0; 117; 37.9, 75, 1.18, 63.29, 7.5, 304.0, 251.18, 1, 16.11, 8.02, 35.23, 0.1, 10.75, 12.2, 0.4, 0.02, 3.0, 0.01, 150.03
4.0	 1, 1, 1, 0, 1, 0, -1, 0, -1; 1, 0, 0, 0, 0, 2; -255; 38.9, 80, 1.06, 75.59, 7.41, 380.0, 318.41, 1, 20.14, 8.0, 54.94, 0.14, 9.75, 12.44, 0.5, 0.02, 4.0, 0, 150.05

1.0	 0, -1, -1, 0, 0, 1, 0, 1, 0; 0, 0, 0, 0, 0, 0; 127; 36.07, 75, 0.93, 80.45, 7.48, 304.0, 244.69, 1, 16.11, 5.14, 15.76, 0.03, 12.75, 11.61, 0.4, 0.01, 1.0, 0.0, 150.01
2.0	 1, 0, 0, 1, 0, 0, 0, -1, 1; 0, 0, 0, 0, 0, 0; 127; 37.07, 75, 0.99, 75.9, 7.48, 304.0, 244.3, 1, 16.11, 6.97, 15.5, 0.06, 11.75, 11.61, 0.4, 0, 2.0, 0.01, 150.0
3.0	 1, 1, 1, 0, 1, 0, -1, 0, -1; 1, 0, 0, 0, 0, 0; 117; 38.07, 80, 1.0, 79.72, 7.38, 380.0, 318.53, 1, 20.14, 6.95, 35.22, 0.1, 10.75, 11.61, 0.5, 0.0, 3.0, 0, 150.0

1.0	 -1, 0, 0, 0, 1, 0, 1, 1, 1; 0, 0, 0, 0, 0, 0; 127; 34.77, 80, 1.05, 76.0, 7.36, 380.0, 332.77, 1, 20.14, 5.17, 35.78, 0.03, 12.75, 10.92, 0.5, 0.01, 1.0, 0.01, 150.0
2.0	 1, 1, 1, 0, 1, 0, -1, 0, -1; 0, 0, 0, 0, 0, 2; -255; 35.77, 85, 0.93, 91.39, 7.28, 456.0, 399.8, 1, 24.17, 5.15, 55.54, 0.06, 11.75, 11.07, 0.6, 0.01, 2.0, 0, 150.01
3.0	 0, 1, 0, 1, 0, 1, 1, -1, 0; 0, 0, 0, 0, 0, 2; -255; 35.77, 90, 1.25, 71.98, 7.31, 456.0, 414.03, 1, 24.17, 6.98, 55.3, 0.09, 10.75, 11.74, 0.6, 0, 3.0, 0.0, 150.01
4.0	 0, -1, -1, 1, 0, 0, 0, 0, 1; 0, 0, 0, 0, 0, 2; -255; 35.77, 85, 1.04, 81.69, 7.39, 380.0, 329.33, 1, 20.14, 8.82, 55.06, 0.12, 9.75, 11.74, 0.5, 0.0, 4.0, 0.01, 150.0
5.0	 0, -1, 1, 0, 0, 1, 0, 1, 1; 0, 0, 0, 0, 0, 2; -255; 35.77, 80, 0.98, 81.95, 7.34, 456.0, 402.66, 1, 24.17, 8.8, 54.82, 0.15, 8.75, 12.59, 0.6, 0.01, 5.0, 0.02, 149.99
6.0	 1, 1, -1, 0, 1, 0, 1, 0, -1; 0, 0, 0, 0, 0, 2; -255; 36.77, 85, 1.25, 67.92, 7.42, 380.0, 334.98, 1, 20.14, 8.78, 74.57, 0.18, 7.75, 12.69, 0.5, 0.01, 6.0, 0.01, 149.99
7.0	 1, -1, 0, 1, 0, 1, 1, 0, 1; 0, 0, 0, 0, 1, 2; -255; 37.77, 80, 1.25, 63.96, 7.45, 380.0, 331.93, 1, 20.14, 10.61, 74.3, 0.22, 6.75, 13.46, 0.5, 0.01, 7.0, 0.02, 149.98
8.0	 -1, -1, -1, 0, 0, 0, -1, 1, -1; 0, 0, 1, 0, 1, 2; -255; 36.77, 75, 0.87, 86.59, 7.55, 304.0, 239.07, 1, 16.11, 10.59, 74.05, 0.25, 5.75, 13.76, 0.4, 0.02, 8.0, 0.01, 150.0
9.0	 -1, 0, 1, 1, 0, 0, 1, 0, 0; 0, 0, 0, 0, 1, 2; -255; 35.77, 75, 1.04, 72.07, 7.46, 380.0, 330.01, 1, 20.14, 12.42, 73.81, 0.28, 4.75, 13.97, 0.5, 0.02, 9.0, 0.01, 150.01
10.0	 1, 1, 0, 0, 1, 0, -1, 1, 0; 0, 0, 0, 0, 1, 2; -255; 36.77, 80, 0.92, 86.55, 7.48, 380.0, 319.95, 1, 20.14, 12.4, 93.56, 0.31, 3.75, 14.35, 0.5, 0.03, 10.0, 0.01, 150.03
11.0	 1, -1, 0, 1, 1, 1, -1, -1, -1; 0, 0, 1, 0, 1, 2; -255; 37.77, 75, 0.93, 81.06, 7.5, 380.0, 315.87, 1, 20.14, 14.23, 113.29, 0.35, 2.75, 15.2, 0.5, 0.02, 11.0, 0, 150.05
12.0	 0, -1, 1, 0, 0, 1, 0, 1, 1; 0, 0, 0, 0, 1, 2; -255; 37.77, 70, 0.96, 72.7, 7.45, 456.0, 394.58, 1, 24.17, 14.21, 113.02, 0.39, 1.75, 16.19, 0.6, 0.03, 12.0, 0.01, 150.07
13.0	 0, 1, 1, 0, 0, 0, -1, 0, 1; 0, 0, 0, 0, 1, 2; -255; 37.77, 75, 0.92, 81.34, 7.39, 532.0, 467.98, 1, 28.2, 14.19, 112.75, 0.43, 0.75, 16.47, 0.7, 0.03, 13.0, 0.02, 150.08
14.0	 1, 0, -1, 0, 0, 0, 1, 1, -1; 1, 0, 0, 0, 1, 2; -255; 38.77, 75, 1.25, 59.9, 7.46, 456.0, 405.5, 1, 24.17, 14.17, 112.46, 0.47, 0, 16.75, 0.6, 0.04, 14.0, 0.01, 150.12

1.0	 1, 1, 0, 0, 0, 0, 0, 1, 1; 0, 0, 0, 0, 0, 0; 127; 36.05, 85, 1.06, 80.31, 7.36, 380.0, 328.83, 1, 20.14, 5.28, 15.76, 0.03, 12.75, 10.92, 0.5, 0.01, 1.0, 0.01, 150.0
2.0	 -1, 0, 0, 0, 1, 0, 1, 1, 1; 0, 0, 0, 0, 0, 0; 127; 35.05, 85, 1.13, 75.03, 7.37, 380.0, 335.3, 1, 20.14, 5.26, 35.53, 0.06, 11.75, 11.2, 0.5, 0.02, 2.0, 0.02, 150.0
3.0	 1, -1, 0, 1, 0, 1, 1, 0, 1; 0, 0, 0, 0, 0, 0; 127; 36.05, 80, 1.13, 70.83, 7.4, 380.0, 332.19, 1, 20.14, 7.1, 35.29, 0.09, 10.75, 12.11, 0.5, 0.02, 3.0, 0.03, 149.99
4.0	 0, -1, -1, 1, 0, 0, 0, 0, 1; 0, 0, 1, 0, 0, 0; 117; 36.05, 75, 0.93, 80.32, 7.51, 304.0, 245.58, 1, 16.11, 8.94, 35.05, 0.12, 9.75, 12.38, 0.4, 0.02, 4.0, 0.04, 149.97
5.0	 -1, 0, 1, 1, 0, 0, 1, 0, 0; 0, 0, 0, 0, 1, 0; 117; 35.05, 75, 1.0, 74.96, 7.42, 380.0, 330.0, 1, 20.14, 10.78, 34.82, 0.15, 8.75, 12.63, 0.5, 0.02, 5.0, 0.04, 149.95
6.0	 1, 1, -1, 0, 0, 0, 0, 1, 0; 0, 0, 1, 0, 1, 0; 107; 36.05, 80, 0.99, 80.42, 7.53, 304.0, 249.5, 1, 16.11, 10.76, 34.58, 0.18, 7.75, 13.03, 0.4, 0.03, 6.0, 0.04, 149.94
7.0	 1, 0, -1, 0, 0, 0, 0, 0, 0; 0, 0, 2, 0, 1, 0; -255; 37.05, 80, 1.05, 75.98, 7.67, 228.0, 171.26, 1, 12.08, 10.74, 34.32, 0.21, 6.75, 13.36, 0.3, 0.03, 7.0, 0.04, 149.93
8.0	 0, 0, 0, 1, 0, 1, -1, -1, 0; 0, 0, 2, 0, 1, 0; -255; 37.05, 80, 0.94, 84.95, 7.69, 228.0, 165.47, 1, 12.08, 12.58, 34.06, 0.24, 5.75, 14.23, 0.3, 0.02, 8.0, 0.04, 149.91
9.0	 0, 1, 0, 0, 1, 0, -1, 0, -1; 0, 0, 2, 0, 1, 2; -255; 37.05, 85, 1.0, 84.78, 7.7, 228.0, 169.6, 1, 12.08, 12.56, 53.8, 0.27, 4.75, 14.44, 0.3, 0.02, 9.0, 0.03, 149.9
10.0	 0, -1, -1, 0, 0, 0, 0, 1, -1; 0, 0, 2, 0, 1, 2; -255; 37.05, 80, 1.06, 75.73, 7.89, 152.0, 93.37, 0.98, 8.06, 12.54, 53.54, 0.3, 3.75, 14.76, 0.2, 0.03, 10.0, 0.02, 149.92
11.0	 0, 1, 1, 1, 0, 1, 0, -1, 1; 0, 0, 2, 0, 1, 2; -255; 37.05, 85, 1.12, 75.87, 7.73, 228.0, 176.5, 1, 12.08, 14.38, 53.28, 0.33, 2.75, 15.58, 0.3, 0.02, 11.0, 0.03, 149.9
12.0	 0, -1, -1, 1, 0, 0, 0, 0, 1; 0, 0, 2, 0, 1, 2; -255; 37.05, 80, 1.06, 75.79, 7.91, 152.0, 96.26, 0.99, 8.06, 16.22, 53.02, 0.36, 1.75, 15.76, 0.2, 0.02, 12.0, 0.04, 149.88
13.0	 1, -1, 0, 0, 1, 0, 0, 0, 1; 1, 0, 2, 0, 1, 2; -255; 38.05, 75, 1.05, 71.41, 7.92, 152.0, 93.63, 0.98, 8.06, 16.21, 72.74, 0.4, 0.75, 15.94, 0.2, 0.02, 13.0, 0.05, 149.85

1.0	 -1, -1, -1, 0, 0, 1, 1, 0, 1; 0, 0, 0, 0, 0, 0; 127; 34.37, 75, 0.97, 77.59, 7.47, 304.0, 252.71, 1, 16.11, 6.97, 15.78, 0.03, 12.75, 11.41, 0.4, 0.0, 1.0, 0.01, 149.99
2.0	 0, -1, -1, 1, 1, 0, 1, 0, 1; 0, 0, 1, 0, 0, 0; 117; 34.37, 70, 0.9, 77.64, 7.6, 228.0, 170.31, 1, 12.08, 8.81, 35.56, 0.06, 11.75, 11.41, 0.3, 0.0, 2.0, 0.02, 149.97
3.0	 -1, -1, 0, 0, 0, 0, 0, -1, 0; 0, 0, 1, 0, 0, 0; 117; 33.37, 65, 0.7, 92.89, 7.6, 228.0, 160.37, 1, 12.08, 8.8, 35.36, 0.09, 10.75, 11.41, 0.3, 0, 3.0, 0.02, 149.95

1.0	 -1, -1, -1, 0, 0, 0, 1, 1, 0; 0, 0, 0, 0, 0, 0; 127; 34.3, 75, 0.96, 77.79, 7.45, 304.0, 252.81, 1, 16.11, 5.38, 15.79, 0.03, 12.75, 10.93, 0.4, 0.01, 1.0, 0.0, 150.01
2.0	 0, 0, -1, 0, 1, 0, 1, -1, 1; 0, 0, 1, 0, 0, 0; 117; 34.3, 75, 0.96, 78.02, 7.58, 228.0, 173.75, 1, 12.08, 5.37, 35.58, 0.06, 11.75, 10.93, 0.3, 0, 2.0, 0.01, 150.0
3.0	 0, -1, -1, 1, 0, 0, 0, 0, 1; 0, 0, 2, 0, 0, 0; -255; 34.3, 70, 0.79, 88.46, 7.76, 152.0, 77.61, 0.94, 8.06, 7.21, 35.37, 0.09, 10.75, 10.93, 0.2, 0.0, 3.0, 0.02, 149.98
4.0	 0, -1, 1, 0, 0, 0, 1, 0, -1; 0, 0, 1, 0, 0, 0; 117; 34.3, 65, 0.83, 78.04, 7.58, 228.0, 167.34, 1, 12.08, 7.2, 35.16, 0.12, 9.75, 10.93, 0.3, 0.0, 4.0, 0.01, 149.97
5.0	 1, -1, 0, 1, 1, 1, -1, -1, -1; 0, 0, 2, 0, 1, 2; -255; 35.3, 60, 0.64, 93.97, 7.61, 228.0, 145.68, 1, 12.08, 9.04, 54.93, 0.15, 8.75, 11.6, 0.3, 0, 5.0, 0, 149.97
6.0	 1, -1, 0, 1, 1, 1, -1, -1, -1; 0, 0, 2, 0, 1, 2; -255; 36.3, 55, 0.62, 88.75, 7.63, 228.0, 138.07, 1, 12.08, 10.87, 74.68, 0.18, 7.75, 12.27, 0.3, 0, 6.0, 0, 149.97
7.0	 0, -1, 1, 0, 0, 1, 0, 1, 1; 0, 0, 1, 0, 1, 2; -255; 36.3, 50, 0.63, 79.45, 7.54, 304.0, 217.71, 1, 16.11, 10.85, 74.43, 0.21, 6.75, 13.2, 0.4, 0.01, 7.0, 0.01, 149.97
8.0	 1, -1, 0, 1, 0, 1, 1, 0, 1; 0, 0, 1, 0, 1, 2; -255; 37.3, 45, 0.68, 65.72, 7.56, 304.0, 219.22, 1, 16.11, 12.68, 74.17, 0.25, 5.75, 14.04, 0.4, 0.01, 8.0, 0.02, 149.96
9.0	 -1, 0, -1, 0, 0, 0, 1, 0, 1; 0, 0, 2, 0, 1, 2; -255; 36.3, 45, 0.64, 69.98, 7.69, 228.0, 142.72, 1, 12.08, 12.67, 73.92, 0.28, 4.75, 14.21, 0.3, 0.01, 9.0, 0.03, 149.94
10.0	 -1, 1, 1, 1, 0, 1, 1, 0, 0; 0, 0, 1, 0, 1, 2; -255; 35.3, 50, 0.68, 73.92, 7.59, 304.0, 229.6, 1, 16.11, 14.51, 73.69, 0.31, 3.75, 15.04, 0.4, 0.01, 10.0, 0.03, 149.92
11.0	 1, -1, -1, 1, 0, 0, -1, 1, 1; 0, 0, 2, 0, 1, 2; -255; 36.3, 45, 0.51, 88.69, 7.73, 228.0, 121.59, 1, 12.08, 16.35, 73.44, 0.34, 2.75, 15.48, 0.3, 0.02, 11.0, 0.04, 149.9
12.0	 0, -1, -1, 0, 1, 0, 0, 1, 0; 0, 0, 2, 0, 1, 2; -255; 36.3, 40, 0.5, 79.32, 7.92, 152.0, 43.78, 0.82, 8.06, 16.33, 93.19, 0.37, 1.75, 16.07, 0.2, 0.03, 12.0, 0.04, 149.89
13.0	 0, -1, -1, 0, 0, 1, 1, 0, 0; 0, 0, 2, 0, 1, 2; -255; 36.3, 35, 0.5, 69.95, 7.95, 152.0, 44.42, 0.82, 8.06, 16.31, 92.94, 0.4, 0.75, 17.24, 0.2, 0.03, 13.0, 0.04, 149.88
14.0	 1, -1, -1, 1, 0, 1, 1, 0, -1; 0, 0, 2, -1, 1, 2; -255; 37.3, 30, 0.46, 65.59, 7.98, 152.0, 27.15, 0.54, 8.06, 18.14, 92.68, 0.44, 0, 18.38, 0.2, 0.03, 14.0, 0.03, 149.88
15.0	 -1, -1, 1, 0, 0, 0, 0, -1, -1; 0, 0, 2, 0, 1, 2; -255; 36.3, 30, 0.38, 79.22, 7.81, 228.0, 87.31, 0.97, 12.08, 18.12, 92.43, 0.47, 0, 18.66, 0.3, 0.02, 15.0, 0.02, 149.88
16.0	 1, -1, -1, 0, 0, 0, 0, 0, 0; 0, 0, 2, -1, 1, 2; -255; 37.3, 30, 0.4, 74.55, 7.99, 152.0, 10.1, 0.2, 8.06, 18.1, 92.17, 0.51, 0, 18.96, 0.2, 0.02, 16.0, 0.02, 149.88
17.0	 0, -1, -1, 0, 1, 0, -1, 1, 1; 0, 0, 2, -1, 1, 2; -255; 37.3, 30, 0.36, 83.58, 8.01, 152.0, 0, 0, 8.06, 18.08, 111.91, 0.55, 0, 19.47, 0.2, 0.03, 17.0, 0.03, 149.88
18.0	 -1, 1, -1, 0, 0, 0, -1, 0, 1; 0, 0, 2, -1, 1, 2; -255; 36.3, 35, 0.39, 89.02, 8.01, 152.0, 16.49, 0.33, 8.06, 18.07, 111.66, 0.58, 0, 19.86, 0.2, 0.03, 18.0, 0.04, 149.87
19.0	 -1, -1, 1, 1, 1, 1, -1, 0, 1; 0, 0, 2, 0, 1, 2; -255; 35.3, 30, 0.32, 94.04, 7.86, 228.0, 72.18, 0.93, 12.08, 19.91, 131.43, 0.61, 0, 20.97, 0.3, 0.03, 19.0, 0.05, 149.85
20.0	 1, 0, -1, 0, 0, 0, 1, 1, -1; 0, 0, 2, -1, 1, 2; -255; 36.3, 30, 0.43, 69.84, 8.05, 152.0, 27.97, 0.56, 8.06, 19.89, 131.18, 0.64, 0, 21.34, 0.2, 0.04, 20.0, 0.04, 149.86
21.0	 1, -1, 0, 1, 0, 0, 1, -1, 0; 0, 0, 2, -1, 1, 2; -255; 37.3, 30, 0.46, 65.68, 8.05, 152.0, 26.99, 0.54, 8.06, 21.73, 130.92, 0.68, 0, 21.54, 0.2, 0.03, 21.0, 0.04, 149.85
22.0	 0, 0, 1, 0, 1, 0, 1, 0, -1; 0, 0, 2, 0, 1, 2; -255; 37.3, 30, 0.46, 65.6, 7.88, 228.0, 103.13, 1, 12.08, 21.71, 150.66, 0.72, 0, 21.75, 0.3, 0.03, 22.0, 0.03, 149.85
23.0	 0, -1, 1, 0, 0, 1, 0, 1, 1; 0, 0, 2, 0, 1, 2; -255; 37.3, 30, 0.4, 74.82, 7.77, 304.0, 161.59, 1, 16.11, 21.69, 150.4, 0.76, 0, 22.73, 0.4, 0.04, 23.0, 0.04, 149.85
24.0	 1, -1, 1, 0, 0, 0, 1, 0, 0; 1, 0, 2, 0, 1, 2; -255; 38.3, 30, 0.49, 61.66, 7.68, 380.0, 254.22, 1, 20.14, 21.67, 150.12, 0.8, 0, 22.9, 0.5, 0.04, 24.0, 0.04, 149.85
