
1.0	 0, 1, 0, 0, 0, 1, 1, -1, -1; 0, 0, 0, 0, 0, 0; 127; 37.13, 85, 1.28, 66.26, 7.38, 380.0, 334.29, 1, 20.14, 6.47, 15.74, 0.03, 12.75, 11.41, 0.5, 0, 1.0, 0, 150
2.0	 0, 1, -1, 0, 0, 0, -1, 1, 1; 0, 0, 0, 0, 0, 0; 127; 37.13, 90, 1.07, 84.46, 7.48, 304.0, 248.21, 1, 16.11, 6.45, 15.48, 0.06, 11.75, 11.58, 0.4, 0.01, 2.0, 0.01, 150.0
3.0	 0, -1, -1, 0, 1, 0, 1, 1, -1; 0, 0, 2, 0, 0, 0; -255; 37.13, 85, 1.28, 66.36, 7.61, 228.0, 178.45, 1, 12.08, 6.43, 35.22, 0.09, 10.75, 11.82, 0.3, 0.02, 3.0, 0, 150.02
4.0	 -1, 1, 0, 0, 1, 0, 1, 0, -1; 0, 0, 2, 0, 0, 2; -255; 36.13, 90, 1.28, 70.37, 7.62, 228.0, 181.86, 1, 12.08, 6.41, 54.98, 0.12, 9.75, 12.02, 0.3, 0.02, 4.0, 0, 150.04
5.0	 -1, 0, 0, 0, 1, 1, 1, 1, 0; 0, 0, 2, 0, 0, 2; -255; 35.13, 90, 1.21, 74.38, 7.66, 228.0, 182.94, 1, 12.08, 6.39, 74.75, 0.15, 8.75, 13.03, 0.3, 0.03, 5.0, 0.0, 150.07
6.0	 -1, 0, 1, 1, 0, 1, 1, 1, 1; 0, 0, 1, 0, 0, 2; -255; 34.13, 90, 1.14, 78.74, 7.57, 304.0, 262.03, 1, 16.11, 8.22, 74.54, 0.18, 7.75, 14.13, 0.4, 0.04, 6.0, 0.01, 150.1
7.0	 -1, -1, -1, 0, 1, 1, 1, 0, -1; 0, 0, 2, 0, 0, 2; -255; 33.13, 85, 1.03, 82.6, 7.72, 228.0, 183.0, 1, 12.08, 8.2, 94.34, 0.21, 6.75, 15.2, 0.3, 0.04, 7.0, 0, 150.14
8.0	 1, 0, 0, 1, 0, 0, 0, -1, 0; 0, 0, 2, 0, 1, 2; -255; 34.13, 85, 0.95, 89.24, 7.73, 228.0, 176.94, 1, 12.08, 10.03, 94.13, 0.24, 5.75, 15.46, 0.3, 0.03, 8.0, 0.0, 150.17
9.0	 -1, 0, 0, 0, 0, 0, -1, 0, 1; 0, 0, 2, 0, 1, 2; -255; 33.13, 85, 0.81, 105.19, 7.74, 228.0, 172.65, 1, 12.08, 10.02, 93.93, 0.27, 4.75, 15.8, 0.3, 0.03, 9.0, 0.01, 150.19
10.0	 -1, 1, 1, 0, 0, 0, -1, -1, -1; 0, 0, 2, 0, 1, 2; -255; 32.13, 90, 0.81, 110.49, 7.62, 304.0, 254.11, 1, 16.11, 10.01, 93.75, 0.29, 3.75, 15.98, 0.4, 0.02, 10.0, 0, 150.21
11.0	 -1, -1, -1, 0, 1, 0, 1, 1, 0; 0, 0, 2, 0, 1, 2; -255; 31.13, 85, 0.94, 90.7, 7.75, 228.0, 186.87, 1, 12.08, 10.0, 113.58, 0.31, 2.75, 16.29, 0.3, 0.03, 11.0, 0.0, 150.24
12.0	 -1, -1, 1, 1, 1, 0, 0, 1, -1; 0, 0, 2, 0, 1, 2; -255; 30.13, 80, 0.74, 108.01, 7.64, 304.0, 256.68, 1, 16.11, 11.83, 133.42, 0.33, 1.75, 16.77, 0.4, 0.04, 12.0, 0, 150.28
13.0	 0, 1, 1, 0, 0, 0, 0, 1, 1; 0, 0, 1, 0, 1, 2; -255; 30.13, 85, 0.79, 107.78, 7.56, 380.0, 335.85, 1, 20.14, 11.82, 133.26, 0.35, 0.75, 17.29, 0.5, 0.05, 13.0, 0.01, 150.32
14.0	 -1, 1, 1, 0, 0, 1, -1, 0, 0; 0, 0, 1, 0, 1, 2; -255; 29.13, 90, 0.72, 125.62, 7.51, 456.0, 410.76, 1, 24.17, 11.81, 133.11, 0.37, 0, 18.45, 0.6, 0.05, 14.0, 0.01, 150.36

1.0	 -1, 1, -1, 0, 1, 1, 1, 0, 1; 0, 0, 0, 0, 0, 0; 127; 33.58, 85, 1.05, 80.89, 7.47, 304.0, 258.95, 1, 16.11, 6.2, 35.8, 0.03, 12.75, 11.41, 0.4, 0.0, 1.0, 0.01, 149.99
2.0	 -1, 1, -1, 0, 0, 0, 1, -1, 1; 0, 0, 1, 0, 0, 0; 117; 32.58, 90, 1.06, 84.92, 7.6, 228.0, 183.16, 1, 12.08, 6.19, 35.61, 0.06, 11.75, 11.41, 0.3, 0, 2.0, 0.02, 149.97
3.0	 -1, 1, 0, 1, 1, 0, 0, 0, 0; 0, 0, 1, 0, 0, 2; -255; 31.58, 95, 0.94, 101.0, 7.6, 228.0, 181.68, 1, 12.08, 8.03, 55.43, 0.08, 10.75, 11.41, 0.3, 0.0, 3.0, 0.02, 149.95
4.0	 0, 0, -1, 1, 1, 0, 1, -1, 0; 0, 0, 2, 0, 1, 2; -255; 31.58, 95, 1.07, 88.83, 7.77, 152.0, 101.78, 1, 8.06, 9.87, 75.25, 0.1, 9.75, 11.41, 0.2, 0, 4.0, 0.02, 149.93
5.0	 -1, 0, -1, 1, 0, 1, 1, 1, 0; 0, 0, 2, 0, 1, 2; -255; 30.58, 95, 1.02, 92.85, 7.81, 152.0, 104.14, 1, 8.06, 11.71, 75.08, 0.12, 8.75, 12.25, 0.2, 0.01, 5.0, 0.02, 149.92
6.0	 1, -1, 0, 0, 0, 1, -1, 0, -1; 0, 0, 2, 0, 1, 2; -255; 31.58, 90, 0.8, 113.12, 7.83, 152.0, 92.35, 0.98, 8.06, 11.7, 74.9, 0.14, 7.75, 13.07, 0.2, 0.01, 6.0, 0.01, 149.92
7.0	 1, -1, 1, 0, 1, 0, 0, 0, 0; 0, 0, 2, 0, 1, 2; -255; 32.58, 85, 0.88, 96.28, 7.66, 228.0, 177.93, 1, 12.08, 11.69, 94.71, 0.17, 6.75, 13.2, 0.3, 0.01, 7.0, 0.01, 149.92
8.0	 -1, 0, -1, 0, 1, 0, 1, 1, 0; 0, 0, 2, 0, 1, 2; -255; 31.58, 85, 0.96, 88.91, 7.85, 152.0, 103.39, 1, 8.06, 11.68, 114.53, 0.19, 5.75, 13.48, 0.2, 0.02, 8.0, 0.01, 149.93
9.0	 -1, 1, 0, 1, 1, 0, 1, 1, -1; 0, 0, 2, 0, 1, 2; -255; 30.58, 90, 0.97, 92.83, 7.86, 152.0, 108.07, 1, 8.06, 13.52, 134.36, 0.21, 4.75, 13.86, 0.2, 0.03, 9.0, 0, 149.96
10.0	 1, -1, 1, 0, 1, 0, 1, 1, 1; 0, 0, 2, 0, 1, 2; -255; 31.58, 85, 0.95, 89.07, 7.7, 228.0, 185.84, 1, 12.08, 13.51, 154.18, 0.23, 3.75, 14.34, 0.3, 0.04, 10.0, 0.01, 149.99
11.0	 1, 1, -1, 0, 0, 0, 0, 1, -1; 0, 0, 2, 0, 1, 2; -255; 32.58, 90, 0.94, 96.25, 7.89, 152.0, 103.94, 1, 8.06, 13.49, 153.99, 0.26, 2.75, 14.91, 0.2, 0.05, 11.0, 0, 150.04
12.0	 1, -1, 0, 0, 0, 0, 0, 1, 1; 0, 0, 2, 0, 1, 2; -255; 33.58, 85, 0.93, 91.69, 7.91, 152.0, 101.84, 1, 8.06, 13.47, 153.79, 0.29, 1.75, 15.55, 0.2, 0.06, 12.0, 0.01, 150.09
13.0	 0, -1, -1, 1, 0, 0, 1, -1, 0; 0, 0, 2, 0, 1, 2; -255; 33.58, 80, 0.99, 81.05, 7.92, 152.0, 106.2, 1, 8.06, 15.3, 153.59, 0.32, 0.75, 15.97, 0.2, 0.05, 13.0, 0.01, 150.13
14.0	 0, 0, 0, 0, 0, 0, 1, 1, 0; 0, 0, 2, 0, 1, 2; -255; 33.58, 80, 0.99, 80.98, 7.93, 152.0, 107.34, 1, 8.06, 15.28, 153.39, 0.35, 0, 16.51, 0.2, 0.06, 14.0, 0.01, 150.18
15.0	 0, 0, 1, 1, 0, 1, -1, -1, 1; 0, 0, 2, 0, 1, 2; -255; 33.58, 80, 0.78, 102.65, 7.79, 228.0, 171.38, 1, 12.08, 17.11, 153.19, 0.38, 0, 17.65, 0.3, 0.05, 15.0, 0.02, 150.2
16.0	 0, 0, 0, 0, 1, 1, 0, 0, 1; 0, 0, 2, 0, 1, 2; -255; 33.58, 80, 0.87, 91.74, 7.81, 228.0, 177.4, 1, 12.08, 17.09, 172.99, 0.41, 0, 18.71, 0.3, 0.05, 16.0, 0.03, 150.22
17.0	 0, 1, 0, 0, 0, 0, 1, -1, 0; 0, 0, 2, 0, 1, 2; -255; 33.58, 85, 1.05, 81.02, 7.82, 228.0, 185.94, 1, 12.08, 17.08, 172.79, 0.44, 0, 18.92, 0.3, 0.04, 17.0, 0.03, 150.23
18.0	 0, 0, 0, 0, 1, 1, 1, -1, 0; 0, 0, 2, 0, 1, 2; -255; 33.58, 85, 1.05, 80.96, 7.84, 228.0, 185.97, 1, 12.08, 17.07, 192.59, 0.47, 0, 19.74, 0.3, 0.03, 18.0, 0.03, 150.23
19.0	 -1, 1, 0, 0, 1, 0, 0, -1, 0; 0, 0, 2, 0, 1, 2; -255; 32.58, 90, 0.93, 96.39, 7.84, 228.0, 183.91, 1, 12.08, 17.06, 212.4, 0.5, 0, 19.83, 0.3, 0.02, 19.0, 0.03, 150.22
20.0	 0, 1, -1, 0, 0, 1, 1, 1, 1; 0, 0, 2, 0, 1, 2; -255; 32.58, 95, 1.12, 84.72, 8.03, 152.0, 115.28, 1, 8.06, 17.05, 212.21, 0.53, 0, 20.65, 0.2, 0.03, 20.0, 0.04, 150.21
21.0	 -1, 1, 0, 0, 1, 0, 1, 0, 1; 0, 0, 2, 0, 1, 2; -255; 31.58, 100, 1.12, 88.89, 8.03, 152.0, 117.86, 1, 8.06, 17.04, 232.03, 0.55, 0, 20.77, 0.2, 0.03, 21.0, 0.05, 150.19
22.0	 0, 1, -1, 1, 0, 0, 1, -1, -1; 0, 0, 2, 0, 1, 2; -255; 31.58, 105, 1.18, 89.03, 8.04, 152.0, 119.43, 1, 8.06, 18.88, 231.85, 0.57, 0, 20.83, 0.2, 0.02, 22.0, 0.04, 150.17
23.0	 1, 1, 0, 0, 0, 0, -1, 0, -1; 0, 0, 2, 0, 1, 2; -255; 32.58, 110, 1.02, 107.85, 8.04, 152.0, 111.64, 1, 8.06, 18.87, 231.66, 0.6, 0, 20.91, 0.2, 0.02, 23.0, 0.03, 150.16
24.0	 0, 1, -1, 0, 0, 0, 0, 1, -1; 0, 0, 2, 0, 1, 2; -255; 32.58, 115, 1.19, 96.37, 8.04, 152.0, 117.5, 1, 8.06, 18.86, 231.47, 0.63, 0, 21.02, 0.2, 0.03, 24.0, 0.02, 150.18

1.0	 -1, -1, 0, 1, 0, 1, 1, 1, 1; 0, 0, 0, 0, 0, 0; 127; 36.77, 75, 1.11, 67.72, 7.38, 380.0, 328.58, 1, 20.14, 8.54, 15.75, 0.03, 12.75, 11.58, 0.5, 0.01, 1.0, 0.01, 150.0
2.0	 1, 1, 1, 0, 1, 0, -1, -1, -1; 0, 0, 0, 0, 0, 0; 127; 37.77, 80, 0.98, 81.37, 7.3, 456.0, 395.02, 1, 24.17, 8.52, 35.48, 0.07, 11.75, 11.58, 0.6, 0, 2.0, 0, 150.0
3.0	 -1, -1, 1, 0, 0, 1, 0, -1, 1; 0, 0, 0, 0, 0, 0; 127; 36.77, 75, 0.97, 77.03, 7.26, 532.0, 474.87, 1, 28.2, 8.5, 35.23, 0.1, 10.75, 12.25, 0.7, 0, 3.0, 0.01, 149.99
4.0	 1, 0, -1, 0, 0, 1, -1, 1, 0; 0, 0, 0, 0, 0, 0; 127; 37.77, 75, 0.92, 81.29, 7.36, 456.0, 391.24, 1, 24.17, 8.48, 34.96, 0.14, 9.75, 13.1, 0.6, 0.01, 4.0, 0.01, 149.99
5.0	 1, -1, -1, 1, 0, 0, 1, 1, 1; 1, 0, 0, 0, 1, 0; 107; 38.77, 70, 1.17, 59.9, 7.44, 380.0, 324.72, 1, 20.14, 10.31, 34.67, 0.18, 8.75, 13.33, 0.5, 0.02, 5.0, 0.02, 149.99
6.0	 0, 1, 1, 0, 0, 1, -1, 0, 0; 1, 0, 0, 0, 1, 0; 107; 38.77, 75, 0.98, 76.18, 7.39, 456.0, 391.13, 1, 24.17, 10.29, 34.38, 0.22, 7.75, 14.23, 0.6, 0.02, 6.0, 0.02, 149.99
7.0	 -1, 0, -1, 1, 1, 1, 0, -1, 1; 0, 0, 0, 0, 1, 2; -255; 37.77, 75, 1.04, 72.36, 7.49, 380.0, 322.18, 1, 20.14, 12.12, 54.11, 0.26, 6.75, 14.97, 0.5, 0.01, 7.0, 0.03, 149.96
8.0	 1, -1, 0, 0, 1, 0, -1, 0, 1; 1, 0, 0, 0, 1, 2; -255; 38.77, 70, 0.92, 75.97, 7.5, 380.0, 310.61, 1, 20.14, 12.1, 73.82, 0.3, 5.75, 15.08, 0.5, 0.01, 8.0, 0.04, 149.93
9.0	 1, 0, 1, 1, 1, 1, 1, -1, 1; 1, 0, 0, 0, 1, 2; -255; 39.77, 70, 1.26, 55.76, 7.44, 456.0, 401.63, 1, 24.17, 13.94, 93.51, 0.34, 4.75, 15.75, 0.6, 0, 9.0, 0.05, 149.88
10.0	 0, -1, 1, 1, 0, 0, 0, 0, 0; 1, 0, 0, 0, 1, 2; -255; 39.77, 65, 1.03, 63.21, 7.37, 532.0, 465.89, 1, 28.2, 15.78, 93.2, 0.38, 3.75, 15.76, 0.7, 0.0, 10.0, 0.05, 149.83
11.0	 1, 0, 0, 0, 0, 0, -1, -1, -1; 1, 0, 0, 0, 1, 2; -255; 40, 65, 0.93, 69.63, 7.37, 532.0, 458.09, 1, 28.2, 15.76, 92.88, 0.42, 2.75, 15.76, 0.7, 0, 11.0, 0.04, 149.79
12.0	 1, 1, -1, 0, 0, 0, 0, -1, -1; 1, 0, 0, 0, 1, 2; -255; 40, 70, 1.12, 62.36, 7.44, 456.0, 394.52, 1, 24.17, 15.74, 92.56, 0.46, 1.75, 15.76, 0.6, 0, 12.0, 0.03, 149.76
13.0	 0, -1, -1, 0, 1, 1, 0, 1, -1; 1, 0, 1, 0, 1, 2; -255; 40, 65, 1.04, 62.25, 7.54, 380.0, 313.95, 1, 20.14, 15.72, 112.24, 0.5, 0.75, 16.55, 0.5, 0.01, 13.0, 0.02, 149.76
14.0	 0, 1, -1, 0, 1, 0, 0, -1, 1; 1, 0, 2, 0, 1, 2; -255; 40, 70, 1.12, 62.23, 7.63, 304.0, 242.78, 1, 16.11, 15.7, 131.92, 0.54, 0, 16.55, 0.4, 0, 14.0, 0.03, 149.73
15.0	 0, 0, -1, 0, 0, 1, 1, -1, -1; 1, 0, 2, 0, 1, 2; -255; 40, 70, 1.28, 54.89, 7.78, 228.0, 174.01, 1, 12.08, 15.68, 131.6, 0.58, 0, 17.22, 0.3, 0, 15.0, 0.02, 149.71
16.0	 1, -1, -1, 1, 1, 0, -1, 1, 0; 1, 0, 2, 0, 1, 2; -255; 40, 65, 0.93, 69.72, 7.96, 152.0, 78.15, 0.95, 8.06, 17.51, 151.28, 0.62, 0, 17.33, 0.2, 0.01, 16.0, 0.02, 149.7
17.0	 1, -1, 1, 0, 0, 1, 1, -1, 1; 1, 0, 2, 0, 1, 2; -255; 40, 60, 1.1, 54.78, 7.8, 228.0, 165.14, 1, 12.08, 17.49, 150.96, 0.66, 0, 18.0, 0.3, 0, 17.0, 0.03, 149.67
18.0	 -1, 1, -1, 0, 0, 0, 1, -1, -1; 1, 0, 2, 0, 1, 2; -255; 39, 65, 1.1, 58.83, 7.97, 152.0, 93.85, 0.98, 8.06, 17.47, 150.66, 0.7, 0, 18.0, 0.2, 0, 18.0, 0.02, 149.65
19.0	 0, 0, 0, 1, 0, 0, 1, -1, 1; 1, 0, 2, 0, 1, 2; -255; 39, 65, 1.11, 58.79, 7.97, 152.0, 93.9, 0.98, 8.06, 19.31, 150.36, 0.74, 0, 18.0, 0.2, 0, 19.0, 0.03, 149.62
20.0	 -1, -1, -1, 1, 0, 0, -1, -1, -1; 0, 0, 2, 0, 1, 2; -255; 38, 60, 0.75, 80.05, 7.97, 152.0, 72.03, 0.93, 8.06, 21.15, 150.08, 0.78, 0, 18.0, 0.2, 0, 20.0, 0.02, 149.6
21.0	 1, 1, 0, 0, 0, 0, 1, 1, 1; 1, 0, 2, 0, 1, 2; -255; 39, 65, 1.1, 58.89, 7.97, 152.0, 93.79, 0.98, 8.06, 21.13, 149.78, 0.82, 0, 18.09, 0.2, 0.01, 21.0, 0.03, 149.58
22.0	 0, 0, -1, 0, 0, 0, 1, 0, 0; 1, 0, 2, 0, 1, 2; -255; 39, 65, 1.1, 58.94, 7.98, 152.0, 93.75, 0.98, 8.06, 21.11, 149.48, 0.86, 0, 18.15, 0.2, 0.01, 22.0, 0.03, 149.56
23.0	 0, -1, 0, 1, 0, 1, -1, 0, 1; 1, 0, 2, 0, 1, 2; -255; 39, 60, 0.8, 75.06, 7.99, 152.0, 71.63, 0.93, 8.06, 22.95, 149.18, 0.9, 0, 18.91, 0.2, 0.01, 23.0, 0.04, 149.53
24.0	 1, -1, 1, 0, 0, 0, 1, 0, 1; 1, 0, 2, 0, 1, 2; -255; 40, 55, 1.0, 54.92, 7.82, 228.0, 159.25, 1, 12.08, 22.94, 148.86, 0.94, 0, 18.98, 0.3, 0.01, 24.0, 0.05, 149.49

1.0	 0, -1, 0, 0, 1, 1, 1, -1, 0; 0, 0, 0, 0, 0, 0; 127; 35.54, 75, 1.03, 72.72, 7.38, 380.0, 329.27, 1, 20.14, 5.95, 35.77, 0.03, 12.75, 11.41, 0.5, 0, 1.0, 0.0, 150.0
2.0	 1, 0, 1, 0, 1, 1, 0, 0, -1; 0, 0, 0, 0, 0, 2; -255; 36.54, 75, 0.96, 78.25, 7.32, 456.0, 398.5, 1, 24.17, 5.93, 55.52, 0.06, 11.75, 12.08, 0.6, 0.0, 2.0, 0, 150.0
3.0	 -1, 0, 0, 1, 1, 0, -1, -1, 1; 0, 0, 0, 0, 0, 2; -255; 35.54, 75, 0.81, 92.96, 7.32, 456.0, 392.46, 1, 24.17, 7.77, 75.29, 0.09, 10.75, 12.08, 0.6, 0, 3.0, 0.01, 149.99
4.0	 -1, -1, 1, 1, 1, 0, -1, 1, 0; 0, 0, 0, 0, 1, 2; -255; 34.54, 70, 0.71, 98.04, 7.26, 532.0, 465.41, 1, 28.2, 9.61, 95.07, 0.12, 9.75, 12.32, 0.7, 0.01, 4.0, 0.01, 149.99
5.0	 0, 1, 0, 0, 0, 0, 1, 0, 0; 0, 0, 0, 0, 1, 2; -255; 34.54, 75, 0.98, 76.78, 7.27, 532.0, 483.24, 1, 28.2, 9.6, 94.85, 0.15, 8.75, 12.45, 0.7, 0.01, 5.0, 0.01, 149.99
6.0	 0, 0, 0, 0, 0, 0, -1, 1, 1; 0, 0, 0, 0, 1, 2; -255; 34.54, 75, 0.77, 97.81, 7.28, 532.0, 470.06, 1, 28.2, 9.59, 94.63, 0.18, 7.75, 12.82, 0.7, 0.02, 6.0, 0.02, 149.99
7.0	 -1, -1, -1, 1, 0, 1, -1, 0, 1; 0, 0, 0, 0, 1, 2; -255; 33.54, 70, 0.68, 103.25, 7.38, 456.0, 390.53, 1, 24.17, 11.43, 94.43, 0.21, 6.75, 13.84, 0.6, 0.02, 7.0, 0.03, 149.98
8.0	 0, -1, -1, 0, 0, 0, 1, 0, 1; 0, 0, 0, 0, 1, 2; -255; 33.54, 65, 0.8, 80.85, 7.47, 380.0, 324.5, 1, 20.14, 11.42, 94.23, 0.24, 5.75, 14.11, 0.5, 0.02, 8.0, 0.04, 149.96
9.0	 1, 0, 1, 1, 0, 0, 0, 0, 0; 0, 0, 0, 0, 1, 2; -255; 34.54, 65, 0.74, 87.52, 7.4, 456.0, 392.11, 1, 24.17, 13.26, 94.01, 0.27, 4.75, 14.4, 0.6, 0.02, 9.0, 0.04, 149.94
10.0	 -1, -1, 0, 1, 1, 1, 1, 1, 0; 0, 0, 0, 0, 1, 2; -255; 33.54, 60, 0.74, 81.16, 7.43, 456.0, 396.17, 1, 24.17, 15.1, 113.81, 0.3, 3.75, 15.53, 0.6, 0.03, 10.0, 0.04, 149.93
11.0	 0, -1, 1, 0, 0, 1, 1, 1, -1; 0, 0, 0, 0, 1, 2; -255; 33.54, 55, 0.68, 80.95, 7.4, 532.0, 467.08, 1, 28.2, 15.08, 113.61, 0.33, 2.75, 16.76, 0.7, 0.04, 11.0, 0.03, 149.95
12.0	 -1, 1, 1, 0, 0, 0, 0, -1, 1; 0, 0, 0, 1, 1, 2; -255; 32.54, 60, 0.62, 96.55, 7.35, 608.0, 541.86, 1, 32.22, 15.07, 113.42, 0.36, 1.75, 17.1, 0.8, 0.03, 12.0, 0.04, 149.93
13.0	 0, -1, 0, 0, 0, 0, -1, -1, 0; 0, 0, 0, 1, 1, 2; -255; 32.54, 55, 0.51, 108.37, 7.35, 608.0, 527.07, 1, 32.22, 15.06, 113.23, 0.39, 0.75, 17.35, 0.8, 0.02, 13.0, 0.04, 149.91
14.0	 0, 0, 0, 0, 0, 0, -1, 0, 0; 0, 0, 0, 1, 1, 2; -255; 32.54, 55, 0.51, 108.46, 7.36, 608.0, 527.04, 1, 32.22, 15.05, 113.04, 0.42, 0, 17.64, 0.8, 0.02, 14.0, 0.04, 149.89
15.0	 0, -1, -1, 0, 0, 0, -1, 0, 1; 0, 0, 0, 0, 1, 2; -255; 32.54, 50, 0.46, 108.25, 7.43, 532.0, 443.11, 1, 28.2, 15.04, 112.85, 0.45, 0, 17.95, 0.7, 0.02, 15.0, 0.05, 149.86
16.0	 1, 0, -1, 0, 0, 0, -1, -1, 1; 0, 0, 0, 0, 1, 2; -255; 33.54, 50, 0.48, 103.2, 7.5, 456.0, 365.18, 1, 24.17, 15.03, 112.65, 0.48, 0, 18.05, 0.6, 0.01, 16.0, 0.06, 149.8
17.0	 -1, 0, 1, 0, 0, 0, 1, -1, 0; 0, 0, 0, 0, 1, 2; -255; 32.54, 50, 0.59, 85.28, 7.43, 532.0, 461.98, 1, 28.2, 15.02, 112.46, 0.51, 0, 18.06, 0.7, 0, 17.0, 0.06, 149.74
18.0	 1, 0, 0, 0, 0, 0, -1, 0, 0; 0, 0, 0, 0, 1, 2; -255; 33.54, 50, 0.48, 103.29, 7.43, 532.0, 441.1, 1, 28.2, 15.01, 112.26, 0.54, 0, 18.07, 0.7, 0.0, 18.0, 0.06, 149.68
19.0	 1, 0, -1, 0, 0, 1, 0, 1, 0; 0, 0, 1, 0, 1, 2; -255; 34.54, 50, 0.57, 87.37, 7.52, 456.0, 373.59, 1, 24.17, 15.0, 112.04, 0.57, 0, 18.9, 0.6, 0.01, 19.0, 0.06, 149.63
20.0	 1, 0, 0, 1, 0, 1, 0, 1, 1; 0, 0, 1, 0, 1, 2; -255; 35.54, 50, 0.6, 82.74, 7.54, 456.0, 372.36, 1, 24.17, 16.85, 111.81, 0.6, 0, 19.8, 0.6, 0.02, 20.0, 0.07, 149.58
21.0	 0, 1, 0, 0, 1, 1, 0, 1, 1; 0, 0, 1, 0, 1, 2; -255; 35.54, 55, 0.66, 82.92, 7.56, 456.0, 379.79, 1, 24.17, 16.84, 131.58, 0.63, 0, 20.72, 0.6, 0.03, 21.0, 0.08, 149.53
22.0	 -1, 0, 0, 0, 0, 0, 0, 0, 1; 0, 0, 1, 0, 1, 2; -255; 34.54, 55, 0.63, 87.51, 7.56, 456.0, 380.96, 1, 24.17, 16.83, 131.36, 0.66, 0, 20.92, 0.6, 0.03, 22.0, 0.09, 149.47
23.0	 1, -1, -1, 0, 0, 1, -1, -1, 1; 0, 0, 2, 0, 1, 2; -255; 35.54, 50, 0.54, 92.67, 7.66, 380.0, 286.32, 1, 20.14, 16.82, 131.13, 0.69, 0, 21.72, 0.5, 0.02, 23.0, 0.1, 149.38
24.0	 -1, -1, -1, 1, 1, 1, -1, -1, 0; 0, 0, 2, 0, 1, 2; -255; 34.54, 45, 0.46, 97.97, 7.77, 304.0, 201.33, 1, 16.11, 18.68, 150.91, 0.72, 0, 22.45, 0.4, 0.01, 24.0, 0.1, 149.29

1.0	 0, -1, 1, 1, 1, 0, 0, -1, 0; 0, 0, 0, 0, 0, 0; 127; 34.31, 75, 0.85, 88.46, 7.27, 456.0, 400.2, 1, 24.17, 6.02, 35.79, 0.03, 12.75, 10.74, 0.6, 0, 1.0, 0.0, 150.0
2.0	 0, 0, 1, 0, 0, 0, 0, -1, 1; 0, 0, 0, 0, 0, 0; 127; 34.31, 75, 0.85, 88.63, 7.2, 532.0, 476.5, 1, 28.2, 6.01, 35.58, 0.06, 11.75, 10.74, 0.7, 0, 2.0, 0.01, 149.99
3.0	 0, 0, 0, 0, 1, 0, 1, 1, -1; 0, 0, 0, 0, 0, 2; -255; 34.31, 75, 0.96, 78.01, 7.21, 532.0, 483.12, 1, 28.2, 6.0, 55.37, 0.09, 10.75, 10.94, 0.7, 0.01, 3.0, 0, 150.0
4.0	 1, -1, -1, 0, 0, 0, 1, -1, -1; 0, 0, 0, 0, 0, 2; -255; 35.31, 70, 0.95, 73.94, 7.28, 456.0, 402.64, 1, 24.17, 5.98, 55.14, 0.12, 9.75, 10.94, 0.6, 0, 4.0, 0, 150.0
5.0	 1, 1, 1, 0, 1, 0, 1, 1, 1; 0, 0, 0, 0, 0, 2; -255; 36.31, 75, 1.08, 69.73, 7.22, 532.0, 481.95, 1, 28.2, 5.96, 74.89, 0.15, 8.75, 11.11, 0.7, 0.01, 5.0, 0.01, 150.0
6.0	 0, -1, 0, 0, 1, 0, 0, 1, 1; 0, 0, 0, 0, 0, 2; -255; 36.31, 70, 0.88, 79.44, 7.23, 532.0, 471.06, 1, 28.2, 5.94, 94.64, 0.18, 7.75, 11.47, 0.7, 0.02, 6.0, 0.02, 150.0
7.0	 -1, 1, 1, 1, 0, 1, 1, 1, 0; 0, 0, 0, 1, 0, 2; -255; 35.31, 75, 1.02, 73.67, 7.21, 608.0, 558.87, 1, 32.22, 7.77, 94.41, 0.21, 6.75, 12.57, 0.8, 0.03, 7.0, 0.02, 150.01
8.0	 1, -1, -1, 1, 0, 0, -1, 0, 1; 0, 0, 0, 0, 1, 2; -255; 36.31, 70, 0.79, 88.59, 7.29, 532.0, 464.2, 1, 28.2, 9.6, 94.16, 0.24, 5.75, 13.02, 0.7, 0.03, 8.0, 0.03, 150.01
9.0	 -1, 1, 1, 0, 0, 1, 1, 1, 0; 0, 0, 0, 1, 1, 2; -255; 35.31, 75, 1.02, 73.72, 7.27, 608.0, 558.92, 1, 32.22, 9.58, 93.93, 0.27, 4.75, 14.18, 0.8, 0.04, 9.0, 0.03, 150.02
10.0	 0, 1, 1, 0, 0, 0, 0, 0, -1; 0, 0, 0, 1, 1, 2; -255; 35.31, 80, 0.95, 83.9, 7.23, 684.0, 631.72, 1, 36.25, 9.56, 93.7, 0.3, 3.75, 14.61, 0.9, 0.04, 10.0, 0.02, 150.04
11.0	 1, -1, 0, 0, 0, 1, 1, -1, 0; 0, 0, 0, 1, 1, 2; -255; 36.31, 75, 1.07, 69.86, 7.25, 684.0, 634.26, 1, 36.25, 9.54, 93.45, 0.33, 2.75, 15.53, 0.9, 0.03, 11.0, 0.02, 150.05
12.0	 -1, 1, 0, 0, 0, 0, -1, 1, -1; 0, 0, 0, 1, 1, 2; -255; 35.31, 80, 0.85, 93.83, 7.27, 684.0, 625.6, 1, 36.25, 9.52, 93.22, 0.36, 1.75, 15.98, 0.9, 0.04, 12.0, 0.01, 150.09
13.0	 0, -1, 1, 1, 0, 0, 1, 1, 1; 0, 0, 0, 1, 1, 2; -255; 35.31, 75, 1.01, 73.9, 7.26, 722.0, 672.97, 1, 38.27, 11.35, 92.99, 0.39, 0.75, 16.43, 0.95, 0.05, 13.0, 0.02, 150.12
14.0	 1, -1, 1, 1, 1, 0, 0, -1, -1; 0, 0, 0, 1, 1, 2; -255; 36.31, 70, 0.88, 79.28, 7.26, 722.0, 661.61, 1, 38.27, 13.18, 112.74, 0.42, 0, 16.77, 0.95, 0.04, 14.0, 0.01, 150.15
15.0	 0, -1, 0, 1, 0, 0, 0, 1, -1; 0, 0, 0, 1, 1, 2; -255; 36.31, 65, 0.82, 79.09, 7.28, 722.0, 657.13, 1, 38.27, 15.01, 112.49, 0.45, 0, 17.27, 0.95, 0.05, 15.0, 0, 150.2
16.0	 0, -1, -1, 0, 0, 0, -1, -1, 0; 0, 0, 0, 1, 1, 2; -255; 36.31, 60, 0.67, 88.92, 7.34, 646.0, 566.98, 1, 34.24, 14.99, 112.24, 0.48, 0, 17.66, 0.85, 0.04, 16.0, 0.0, 150.24
17.0	 0, 1, 1, 0, 1, 0, -1, 1, 0; 0, 0, 0, 1, 1, 2; -255; 36.31, 65, 0.73, 88.89, 7.3, 722.0, 649.09, 1, 38.27, 14.97, 131.99, 0.51, 0, 18.15, 0.95, 0.05, 17.0, 0.0, 150.29
18.0	 -1, 0, -1, 1, 1, 1, 1, 0, -1; 0, 0, 0, 1, 1, 2; -255; 35.31, 65, 0.88, 73.75, 7.37, 646.0, 589.56, 1, 34.24, 16.8, 151.76, 0.54, 0, 19.18, 0.85, 0.05, 18.0, 0, 150.34
19.0	 1, 1, 0, 0, 0, 0, 0, 0, -1; 0, 0, 0, 1, 1, 2; -255; 36.31, 70, 0.88, 79.41, 7.38, 646.0, 585.52, 1, 34.24, 16.78, 151.51, 0.57, 0, 19.49, 0.85, 0.05, 19.0, 0, 150.39
20.0	 -1, -1, 0, 0, 1, 0, -1, 1, 1; 0, 0, 0, 1, 1, 2; -255; 35.31, 65, 0.69, 93.9, 7.39, 646.0, 574.14, 1, 34.24, 16.76, 171.28, 0.6, 0, 19.95, 0.85, 0.06, 20.0, 0.01, 150.44
21.0	 -1, 1, 1, 1, 1, 1, 1, 1, 0; 0, 0, 0, 1, 1, 2; -255; 34.31, 70, 0.9, 78.04, 7.36, 722.0, 670.26, 1, 38.27, 18.58, 191.07, 0.63, 0, 20.99, 0.95, 0.07, 21.0, 0.01, 150.5
22.0	 -1, 1, -1, 0, 0, 0, 0, 0, 1; 0, 0, 0, 1, 1, 2; -255; 33.31, 75, 0.81, 93.02, 7.42, 646.0, 592.29, 1, 34.24, 18.56, 190.87, 0.66, 0, 21.3, 0.85, 0.07, 22.0, 0.02, 150.55
23.0	 -1, -1, 1, 0, 0, 1, 0, 1, -1; 0, 0, 0, 1, 1, 2; -255; 32.31, 70, 0.71, 97.97, 7.39, 722.0, 665.45, 1, 38.27, 18.54, 190.68, 0.68, 0, 22.34, 0.95, 0.08, 23.0, 0.01, 150.63
24.0	 1, -1, 0, 0, 0, 0, 0, 1, -1; 0, 0, 0, 1, 1, 2; -255; 33.31, 65, 0.7, 93.21, 7.39, 722.0, 659.9, 1, 38.27, 18.52, 190.48, 0.71, 0, 22.64, 0.95, 0.09, 24.0, 0, 150.72

1.0	 -1, 0, 0, 1, 1, 0, 0, 1, 0; 0, 0, 0, 0, 1, 0; 117; 36.65, 80, 1.03, 77.83, 7.36, 380.0, 325.16, 1, 20.14, 9.08, 35.75, 0.03, 12.75, 10.92, 0.5, 0.01, 1.0, 0.0, 150.01
2.0	 0, 0, 1, 1, 0, 0, -1, 1, 0; 0, 0, 0, 0, 1, 0; 117; 36.65, 80, 0.92, 86.81, 7.29, 456.0, 395.79, 1, 24.17, 10.91, 35.5, 0.06, 11.75, 11.27, 0.6, 0.02, 2.0, 0.0, 150.03
3.0	 0, 1, 1, 0, 0, 0, 1, 0, -1; 0, 0, 0, 0, 1, 0; 117; 36.65, 85, 1.24, 68.35, 7.23, 532.0, 487.51, 1, 28.2, 10.89, 35.25, 0.09, 10.75, 11.49, 0.7, 0.02, 3.0, 0, 150.05
4.0	 0, -1, 0, 1, 0, 1, 0, 1, -1; 0, 0, 0, 0, 1, 0; 117; 36.65, 80, 1.03, 77.55, 7.27, 532.0, 478.55, 1, 28.2, 12.72, 35.0, 0.12, 9.75, 12.58, 0.7, 0.03, 4.0, 0, 150.08
5.0	 1, 1, 1, 1, 1, 1, 0, 0, 0; 0, 0, 0, 1, 1, 2; -255; 37.65, 85, 1.17, 72.93, 7.25, 608.0, 557.46, 1, 32.22, 14.55, 54.73, 0.16, 8.75, 13.56, 0.8, 0.03, 5.0, 0.0, 150.11
6.0	 0, 0, 1, 1, 0, 0, -1, 1, 0; 0, 0, 0, 1, 1, 2; -255; 37.65, 85, 1.04, 81.77, 7.21, 684.0, 627.49, 1, 36.25, 16.38, 54.46, 0.2, 7.75, 14.01, 0.9, 0.04, 6.0, 0.0, 150.15
7.0	 1, 1, 0, 0, 0, 0, 0, 1, -1; 1, 0, 0, 1, 1, 2; -255; 38.65, 90, 1.31, 68.5, 7.22, 684.0, 636.08, 1, 36.25, 16.35, 54.17, 0.24, 6.75, 14.43, 0.9, 0.05, 7.0, 0, 150.2
8.0	 0, 0, 0, 0, 1, 0, 1, -1, -1; 1, 0, 0, 1, 1, 2; -255; 38.65, 90, 1.5, 60.15, 7.23, 684.0, 641.93, 1, 36.25, 16.33, 73.88, 0.28, 5.75, 14.68, 0.9, 0.04, 8.0, 0, 150.24
9.0	 0, 0, 0, 0, 1, 0, 1, -1, -1; 1, 0, 0, 1, 1, 2; -255; 38.65, 90, 1.49, 60.37, 7.24, 684.0, 641.8, 1, 36.25, 16.31, 93.59, 0.32, 4.75, 14.86, 0.9, 0.03, 9.0, 0, 150.27
10.0	 -1, 1, 1, 0, 1, 0, 0, 1, -1; 0, 0, 0, 1, 1, 2; -255; 37.65, 95, 1.3, 73.25, 7.22, 722.0, 676.79, 1, 38.27, 16.29, 113.32, 0.36, 3.75, 15.18, 0.95, 0.04, 10.0, 0, 150.31
11.0	 0, 0, 0, 1, 1, 0, 1, -1, 0; 0, 0, 0, 1, 1, 2; -255; 37.65, 95, 1.48, 64.31, 7.23, 722.0, 682.33, 1, 38.27, 18.12, 133.05, 0.4, 2.75, 15.35, 0.95, 0.03, 11.0, 0.0, 150.34
12.0	 0, 0, 0, 0, 1, 0, 1, -1, -1; 0, 0, 0, 1, 1, 2; -255; 37.65, 95, 1.48, 64.36, 7.23, 722.0, 682.32, 1, 38.27, 18.1, 152.78, 0.44, 1.75, 15.46, 0.95, 0.02, 12.0, 0, 150.36
13.0	 1, 1, 1, 0, 0, 1, 1, 0, 1; 1, 0, 0, 1, 1, 2; -255; 38.65, 100, 1.66, 60.16, 7.25, 722.0, 684.26, 1, 38.27, 18.08, 152.49, 0.48, 0.75, 16.24, 0.95, 0.02, 13.0, 0.01, 150.37
14.0	 0, 0, 0, 0, 1, 0, 1, -1, -1; 1, 0, 0, 1, 1, 2; -255; 38.65, 100, 1.66, 60.18, 7.25, 722.0, 684.27, 1, 38.27, 18.06, 172.2, 0.52, 0, 16.27, 0.95, 0.01, 14.0, 0, 150.38
15.0	 0, 0, 0, 0, 1, 0, 1, -1, -1; 1, 0, 0, 1, 1, 2; -255; 38.65, 100, 1.66, 60.37, 7.25, 722.0, 684.15, 1, 38.27, 18.04, 191.91, 0.56, 0, 16.27, 0.95, 0, 15.0, 0, 150.38
16.0	 0, 0, 0, 0, 1, 0, 1, -1, -1; 1, 0, 0, 1, 1, 2; -255; 38.65, 100, 1.66, 60.39, 7.25, 722.0, 684.13, 1, 38.27, 18.02, 211.62, 0.6, 0, 16.27, 0.95, 0, 16.0, 0, 150.38
17.0	 0, 0, 0, 0, 1, 0, 1, -1, -1; 1, 0, 0, 1, 1, 2; -255; 38.65, 100, 1.66, 60.28, 7.25, 722.0, 684.2, 1, 38.27, 18.0, 231.33, 0.64, 0, 16.27, 0.95, 0, 17.0, 0, 150.38
18.0	 -1, 0, 1, 0, 0, 1, 0, 0, 0; 0, 0, 0, 1, 1, 2; -255; 37.65, 100, 1.37, 73.06, 7.27, 722.0, 679.26, 1, 38.27, 17.98, 231.06, 0.68, 0, 16.93, 0.95, 0.0, 18.0, 0.0, 150.38
19.0	 1, 0, -1, 0, 0, 0, 1, 0, 0; 1, 0, 0, 1, 1, 2; -255; 38.65, 100, 1.66, 60.22, 7.32, 646.0, 608.24, 1, 34.24, 17.96, 230.77, 0.72, 0, 16.93, 0.85, 0.0, 19.0, 0.0, 150.38
20.0	 -1, 0, 1, 0, 0, 1, 0, 0, 0; 0, 0, 0, 1, 1, 2; -255; 37.65, 100, 1.37, 73.08, 7.29, 722.0, 679.24, 1, 38.27, 17.94, 230.5, 0.76, 0, 17.59, 0.95, 0.0, 20.0, 0.0, 150.38
21.0	 1, -1, -1, 1, 0, 0, 0, 0, -1; 1, 0, 0, 1, 1, 2; -255; 38.65, 95, 1.39, 68.46, 7.33, 646.0, 600.81, 1, 34.24, 19.77, 230.21, 0.8, 0, 17.59, 0.85, 0.0, 21.0, 0, 150.38
22.0	 1, 1, 0, 1, 0, 1, -1, 1, 1; 1, 0, 0, 1, 1, 2; -255; 39.65, 100, 1.39, 71.72, 7.35, 646.0, 597.8, 1, 34.24, 21.6, 229.9, 0.84, 0, 18.33, 0.85, 0.01, 22.0, 0.01, 150.38
23.0	 1, -1, 0, 0, 1, 0, 0, 0, 1; 1, 0, 0, 1, 1, 2; -255; 40, 95, 1.53, 62.23, 7.35, 646.0, 600.89, 1, 34.24, 21.58, 249.58, 0.88, 0, 18.38, 0.85, 0.01, 23.0, 0.02, 150.37
24.0	 -1, 0, 1, 0, 0, 1, 0, 0, 0; 1, 0, 0, 1, 1, 2; -255; 39, 95, 1.42, 66.97, 7.32, 722.0, 676.71, 1, 38.27, 21.56, 249.28, 0.92, 0, 19.09, 0.95, 0.01, 24.0, 0.02, 150.36

1.0	 0, 0, 1, 1, 0, 0, -1, 1, 0; 0, 0, 0, 0, 1, 0; 117; 38.0, 80, 1.0, 80.25, 7.28, 456.0, 394.82, 1, 24.17, 9.34, 15.72, 0.04, 12.75, 10.93, 0.6, 0.01, 1.0, 0.0, 150.01
2.0	 0, 1, 1, 0, 0, 0, 1, 1, 0; 0, 0, 0, 0, 1, 0; 117; 38.0, 85, 1.35, 62.79, 7.22, 532.0, 487.07, 1, 28.2, 9.32, 15.44, 0.08, 11.75, 11.17, 0.7, 0.02, 2.0, 0.0, 150.03
3.0	 1, 0, -1, 0, 1, 1, 1, 0, 0; 1, 0, 0, 0, 1, 0; 107; 39.0, 85, 1.45, 58.76, 7.32, 456.0, 410.7, 1, 24.17, 9.3, 35.14, 0.12, 10.75, 12.02, 0.6, 0.02, 3.0, 0.0, 150.05
4.0	 0, 1, 0, 1, 0, 0, -1, 0, 1; 1, 0, 0, 0, 1, 0; 107; 39.0, 90, 1.2, 75.03, 7.33, 456.0, 401.63, 1, 24.17, 11.13, 34.84, 0.16, 9.75, 12.23, 0.6, 0.02, 4.0, 0.01, 150.06
5.0	 -1, 0, 1, 0, 0, 1, 0, 0, 0; 0, 0, 0, 0, 1, 0; 117; 38.0, 90, 1.26, 71.52, 7.29, 532.0, 483.88, 1, 28.2, 11.11, 34.56, 0.2, 8.75, 13.1, 0.7, 0.02, 5.0, 0.01, 150.07
6.0	 1, 1, 0, 1, 0, 1, -1, 1, 1; 1, 0, 0, 0, 1, 0; 107; 39.0, 95, 1.27, 74.94, 7.32, 532.0, 480.89, 1, 28.2, 12.94, 34.26, 0.24, 7.75, 14.07, 0.7, 0.03, 6.0, 0.02, 150.08
7.0	 -1, -1, 1, 0, 1, 0, 0, 1, -1; 0, 0, 0, 1, 1, 2; -255; 38.0, 90, 1.26, 71.37, 7.27, 608.0, 560.2, 1, 32.22, 12.92, 53.98, 0.28, 6.75, 14.43, 0.8, 0.04, 7.0, 0.01, 150.12
8.0	 1, 1, 0, 1, 0, 1, -1, 1, 1; 1, 0, 0, 1, 1, 2; -255; 39.0, 95, 1.27, 74.94, 7.31, 608.0, 557.1, 1, 32.22, 14.75, 53.68, 0.32, 5.75, 15.52, 0.8, 0.05, 8.0, 0.02, 150.15
9.0	 1, 1, 0, 1, 0, 1, -1, 1, 1; 1, 0, 0, 1, 1, 2; -255; 40.0, 100, 1.44, 69.68, 7.33, 608.0, 559.83, 1, 32.22, 16.57, 53.36, 0.36, 4.75, 16.58, 0.8, 0.06, 9.0, 0.03, 150.18
10.0	 1, 0, -1, 0, 0, 0, 1, 0, 0; 1, 0, 0, 0, 1, 2; -255; 40, 100, 1.83, 54.7, 7.4, 532.0, 494.13, 1, 28.2, 16.55, 53.04, 0.4, 3.75, 16.84, 0.7, 0.06, 10.0, 0.03, 150.21
11.0	 0, 0, 0, 0, 1, 0, 1, -1, -1; 1, 0, 0, 0, 1, 2; -255; 40, 100, 1.83, 54.66, 7.4, 532.0, 494.21, 1, 28.2, 16.53, 72.72, 0.44, 2.75, 17.04, 0.7, 0.05, 11.0, 0.02, 150.24
12.0	 0, 0, 0, 0, 0, 1, 0, 1, 1; 1, 0, 0, 0, 1, 2; -255; 40, 100, 1.6, 62.4, 7.43, 532.0, 488.94, 1, 28.2, 16.51, 72.4, 0.48, 1.75, 18.0, 0.7, 0.06, 12.0, 0.03, 150.27
13.0	 1, 1, -1, 1, 0, 1, 0, 0, 0; 1, 0, 1, 0, 1, 2; -255; 40, 105, 1.69, 62.29, 7.52, 456.0, 415.09, 1, 24.17, 18.33, 72.08, 0.52, 0.75, 18.9, 0.6, 0.06, 13.0, 0.03, 150.3
14.0	 -1, 0, 1, 0, 0, 1, 0, 0, 0; 1, 0, 0, 0, 1, 2; -255; 39, 105, 1.57, 66.82, 7.47, 532.0, 491.12, 1, 28.2, 18.31, 71.78, 0.56, 0, 19.79, 0.7, 0.06, 14.0, 0.03, 150.33
15.0	 1, 1, 0, 1, 0, 1, -1, 1, 1; 1, 0, 0, 0, 1, 2; -255; 40, 110, 1.57, 69.87, 7.49, 532.0, 488.26, 1, 28.2, 20.13, 71.46, 0.6, 0, 20.68, 0.7, 0.07, 15.0, 0.04, 150.36
16.0	 0, 0, 0, 0, 1, 0, 1, -1, -1; 1, 0, 0, 0, 1, 2; -255; 40, 110, 2.01, 54.75, 7.49, 532.0, 497.73, 1, 28.2, 20.1, 91.14, 0.64, 0, 20.79, 0.7, 0.06, 16.0, 0.03, 150.39
17.0	 -1, 1, 0, 0, 0, 0, 1, -1, 0; 1, 0, 0, 0, 1, 2; -255; 39, 115, 1.95, 58.9, 7.49, 532.0, 499.1, 1, 28.2, 20.08, 90.84, 0.68, 0, 20.89, 0.7, 0.05, 17.0, 0.03, 150.41
18.0	 0, 1, -1, 0, 0, 0, 0, 1, -1; 1, 0, 1, 0, 1, 2; -255; 39, 120, 1.79, 66.98, 7.56, 456.0, 420.14, 1, 24.17, 20.05, 90.54, 0.72, 0, 21.02, 0.6, 0.06, 18.0, 0.02, 150.46
19.0	 1, 1, -1, 1, 0, 1, 0, 0, 0; 1, 0, 2, 0, 1, 2; -255; 40, 120, 1.93, 62.11, 7.66, 380.0, 344.36, 1, 20.14, 21.87, 90.22, 0.76, 0, 21.8, 0.5, 0.06, 19.0, 0.02, 150.5
20.0	 0, 0, 0, 0, 1, 0, 1, -1, -1; 1, 0, 2, 0, 1, 2; -255; 40, 120, 2.19, 54.67, 7.66, 380.0, 348.63, 1, 20.14, 21.84, 109.9, 0.8, 0, 21.86, 0.5, 0.05, 20.0, 0.01, 150.54
21.0	 0, 0, 1, 1, 0, 0, -1, 1, 0; 1, 0, 1, 0, 1, 2; -255; 40, 120, 1.72, 69.74, 7.58, 456.0, 415.98, 1, 24.17, 23.65, 109.58, 0.84, 0, 21.96, 0.6, 0.06, 21.0, 0.01, 150.59
22.0	 0, 0, 0, 0, 1, 0, 1, -1, -1; 1, 0, 1, 0, 1, 2; -255; 40, 120, 2.19, 54.69, 7.58, 456.0, 424.62, 1, 24.17, 23.62, 129.26, 0.88, 0, 22.02, 0.6, 0.05, 22.0, 0, 150.64
23.0	 1, 1, 1, 0, 1, 0, 1, -1, 1; 1, 0, 1, 1, 1, 2; -255; 40, 120, 2.19, 54.78, 7.52, 532.0, 500.57, 1, 28.2, 23.6, 148.94, 0.92, 0, 22.07, 0.7, 0.04, 23.0, 0.01, 150.66
24.0	 1, 1, 0, 1, 0, 1, -1, 1, 1; 1, 0, 1, 0, 1, 2; -255; 40, 120, 1.72, 69.85, 7.53, 532.0, 491.92, 1, 28.2, 25.42, 148.62, 0.96, 0, 22.82, 0.7, 0.05, 24.0, 0.02, 150.69

1.0	 0, 0, 1, 1, 0, 0, -1, 1, 0; 0, 0, 0, 0, 0, 0; 127; 35.58, 80, 0.86, 92.61, 7.28, 456.0, 396.26, 1, 24.17, 8.15, 15.77, 0.03, 12.75, 10.96, 0.6, 0.01, 1.0, 0.0, 150.01
2.0	 0, 0, 0, 0, 1, 0, 1, -1, -1; 0, 0, 0, 0, 0, 0; 127; 35.58, 80, 1.1, 72.78, 7.28, 456.0, 408.91, 1, 24.17, 8.13, 35.54, 0.06, 11.75, 10.96, 0.6, 0, 2.0, 0, 150.01
3.0	 1, 0, -1, 0, 0, 0, 1, 0, 0; 0, 0, 0, 0, 0, 0; 127; 36.58, 80, 1.17, 68.53, 7.36, 380.0, 332.02, 1, 20.14, 8.11, 35.29, 0.09, 10.75, 10.96, 0.5, 0.0, 3.0, 0.0, 150.01
4.0	 -1, -1, 1, 0, 1, 0, 0, 1, -1; 0, 0, 0, 0, 0, 2; -255; 35.58, 75, 0.91, 82.55, 7.29, 456.0, 399.4, 1, 24.17, 8.09, 55.06, 0.12, 9.75, 11.16, 0.6, 0.01, 4.0, 0, 150.02
5.0	 1, 0, 0, 1, 0, 0, -1, 0, 1; 0, 0, 0, 0, 1, 2; -255; 36.58, 75, 0.86, 87.57, 7.29, 456.0, 391.85, 1, 24.17, 9.92, 54.81, 0.15, 8.75, 11.32, 0.6, 0.01, 5.0, 0.01, 150.02
6.0	 0, 0, 0, 0, 1, 0, 1, -1, -1; 0, 0, 0, 0, 1, 2; -255; 36.58, 75, 1.09, 68.69, 7.29, 456.0, 405.6, 1, 24.17, 9.9, 74.56, 0.18, 7.75, 11.32, 0.6, 0, 6.0, 0, 150.02
7.0	 0, 0, 0, 0, 1, 0, 1, -1, -1; 0, 0, 0, 0, 1, 2; -255; 36.58, 75, 1.09, 68.79, 7.29, 456.0, 405.62, 1, 24.17, 9.88, 94.31, 0.21, 6.75, 11.32, 0.6, 0, 7.0, 0, 150.02
8.0	 1, 0, -1, 0, 0, 0, 1, 0, 0; 0, 0, 0, 0, 1, 2; -255; 37.58, 75, 1.16, 64.48, 7.37, 380.0, 329.17, 1, 20.14, 9.86, 94.04, 0.25, 5.75, 11.32, 0.5, 0.0, 8.0, 0.0, 150.02
9.0	 -1, 0, 0, 0, 1, 0, -1, -1, 0; 0, 0, 0, 0, 1, 2; -255; 36.58, 75, 0.86, 87.42, 7.37, 380.0, 316.04, 1, 20.14, 9.84, 113.79, 0.28, 4.75, 11.32, 0.5, 0, 9.0, 0.0, 150.02
10.0	 1, 1, 0, 0, 0, 1, 0, 1, 0; 0, 0, 0, 0, 1, 2; -255; 37.58, 80, 1.09, 73.46, 7.4, 380.0, 326.04, 1, 20.14, 9.82, 113.52, 0.32, 3.75, 12.15, 0.5, 0.01, 10.0, 0.0, 150.03
11.0	 0, 0, 1, 1, 0, 0, -1, 1, 0; 0, 0, 0, 0, 1, 2; -255; 37.58, 80, 0.97, 82.44, 7.33, 456.0, 395.78, 1, 24.17, 11.65, 113.25, 0.36, 2.75, 12.45, 0.6, 0.02, 11.0, 0.0, 150.05
12.0	 0, 0, 0, 0, 0, 1, 0, 1, 1; 0, 0, 0, 0, 1, 2; -255; 37.58, 80, 1.09, 73.32, 7.37, 456.0, 402.5, 1, 24.17, 11.63, 112.98, 0.4, 1.75, 13.49, 0.6, 0.03, 12.0, 0.01, 150.07
13.0	 1, 0, -1, 0, 0, 0, 1, 0, 0; 1, 0, 0, 0, 1, 2; -255; 38.58, 80, 1.32, 60.48, 7.46, 380.0, 332.73, 1, 20.14, 11.61, 112.69, 0.44, 0.75, 13.74, 0.5, 0.03, 13.0, 0.01, 150.09
14.0	 0, 1, -1, 1, 1, 1, 1, 1, 0; 1, 0, 1, 0, 1, 2; -255; 38.58, 85, 1.4, 60.6, 7.58, 304.0, 259.51, 1, 16.11, 13.44, 132.4, 0.48, 0, 14.74, 0.4, 0.04, 14.0, 0.01, 150.12
15.0	 0, 0, 0, 0, 1, 0, 1, -1, -1; 1, 0, 1, 0, 1, 2; -255; 38.58, 85, 1.4, 60.53, 7.59, 304.0, 259.56, 1, 16.11, 13.42, 152.11, 0.52, 0, 14.93, 0.4, 0.03, 15.0, 0, 150.15
16.0	 1, 1, 0, 1, 0, 1, -1, 1, 1; 1, 0, 2, 0, 1, 2; -255; 39.58, 90, 1.25, 72.04, 7.62, 304.0, 250.46, 1, 16.11, 15.25, 151.8, 0.56, 0, 15.93, 0.4, 0.04, 16.0, 0.01, 150.18
17.0	 1, 1, 0, 1, 0, 1, -1, 1, 1; 1, 0, 2, 0, 1, 2; -255; 40, 95, 1.36, 69.78, 7.64, 304.0, 253.43, 1, 16.11, 17.07, 151.48, 0.6, 0, 16.93, 0.4, 0.05, 17.0, 0.02, 150.21
18.0	 -1, 0, 0, 0, 1, 0, 1, 0, 0; 1, 0, 2, 0, 1, 2; -255; 39, 95, 1.61, 58.89, 7.65, 304.0, 264.17, 1, 16.11, 17.05, 171.18, 0.64, 0, 17.17, 0.4, 0.05, 18.0, 0.02, 150.24
19.0	 0, 0, 0, 0, 1, 0, 1, -1, -1; 1, 0, 2, 0, 1, 2; -255; 39, 95, 1.61, 58.95, 7.65, 304.0, 264.14, 1, 16.11, 17.03, 190.88, 0.68, 0, 17.34, 0.4, 0.04, 19.0, 0.01, 150.27
20.0	 -1, -1, 0, 0, 0, 0, -1, 1, 0; 0, 0, 2, 0, 1, 2; -255; 38, 90, 1.12, 80.17, 7.66, 304.0, 250.61, 1, 16.11, 17.01, 190.6, 0.72, 0, 17.68, 0.4, 0.05, 20.0, 0.01, 150.31
21.0	 -1, 0, 1, 0, 0, 1, 0, 0, 0; 0, 0, 1, 0, 1, 2; -255; 37, 90, 1.19, 75.93, 7.59, 380.0, 332.81, 1, 20.14, 16.99, 190.34, 0.75, 0, 18.64, 0.5, 0.05, 21.0, 0.01, 150.35
22.0	 0, 0, 0, 0, 1, 0, 1, -1, -1; 0, 0, 1, 0, 1, 2; -255; 37, 90, 1.35, 66.79, 7.59, 380.0, 338.49, 1, 20.14, 16.97, 210.08, 0.78, 0, 18.8, 0.5, 0.04, 22.0, 0, 150.39
23.0	 0, 0, 0, 0, 1, 0, 1, -1, -1; 0, 0, 1, 0, 1, 2; -255; 37, 90, 1.34, 67.0, 7.6, 380.0, 338.37, 1, 20.14, 16.95, 229.82, 0.81, 0, 18.92, 0.5, 0.03, 23.0, 0, 150.42
24.0	 0, 0, 1, 1, 0, 0, -1, 1, 0; 0, 0, 1, 0, 1, 2; -255; 37, 90, 1.05, 85.34, 7.52, 456.0, 402.97, 1, 24.17, 18.77, 229.56, 0.84, 0, 19.15, 0.6, 0.04, 24.0, 0.0, 150.46

1.0	 -1, -1, 0, 0, 0, 0, -1, 1, 0; 0, 0, 0, 0, 0, 0; 127; 35.8, 75, 0.82, 91.46, 7.36, 380.0, 315.53, 1, 20.14, 5.12, 15.76, 0.03, 12.75, 10.97, 0.5, 0.01, 1.0, 0.0, 150.01
2.0	 0, 1, 1, 0, 0, 1, 1, 0, 0; 0, 0, 0, 0, 0, 0; 127; 35.8, 80, 1.12, 71.75, 7.31, 456.0, 408.87, 1, 24.17, 5.1, 15.52, 0.06, 11.75, 11.76, 0.6, 0.01, 2.0, 0.0, 150.02
3.0	 -1, -1, 1, 0, 1, 0, 0, 1, -1; 0, 0, 0, 0, 0, 0; 127; 34.8, 75, 0.87, 86.26, 7.26, 532.0, 476.18, 1, 28.2, 5.08, 35.3, 0.09, 10.75, 12.11, 0.7, 0.02, 3.0, 0, 150.04
4.0	 0, 0, 0, 0, 1, 0, 1, -1, -1; 0, 0, 0, 0, 0, 2; -255; 34.8, 75, 0.99, 75.92, 7.26, 532.0, 482.85, 1, 28.2, 5.07, 55.08, 0.12, 9.75, 12.2, 0.7, 0.01, 4.0, 0, 150.05
5.0	 0, 1, 0, 0, 1, 0, -1, -1, -1; 0, 0, 0, 0, 0, 2; -255; 34.8, 80, 0.83, 96.61, 7.26, 532.0, 473.52, 1, 28.2, 5.06, 74.86, 0.15, 8.75, 12.2, 0.7, 0, 5.0, 0, 150.05
6.0	 0, 0, 0, 0, 1, 0, 1, -1, -1; 0, 0, 0, 0, 0, 2; -255; 34.8, 80, 1.05, 75.94, 7.26, 532.0, 485.99, 1, 28.2, 5.05, 94.64, 0.18, 7.75, 12.2, 0.7, 0, 6.0, 0, 150.05
7.0	 1, 1, 0, 1, 0, 1, -1, 1, 1; 0, 0, 0, 0, 0, 2; -255; 35.8, 85, 0.93, 91.62, 7.29, 532.0, 476.15, 1, 28.2, 6.88, 94.4, 0.21, 6.75, 13.05, 0.7, 0.01, 7.0, 0.01, 150.05
8.0	 1, 1, 0, 1, 0, 1, -1, 1, 1; 0, 0, 0, 0, 0, 2; -255; 36.8, 90, 1.04, 86.43, 7.32, 532.0, 478.71, 1, 28.2, 8.71, 94.15, 0.24, 5.75, 13.98, 0.7, 0.02, 8.0, 0.02, 150.05
9.0	 -1, 0, 1, 0, 0, 1, 0, 0, 0; 0, 0, 0, 1, 0, 2; -255; 35.8, 90, 1.1, 81.53, 7.29, 608.0, 561.19, 1, 32.22, 8.69, 93.91, 0.27, 4.75, 14.84, 0.8, 0.02, 9.0, 0.02, 150.05
10.0	 -1, -1, 1, 0, 1, 0, 0, 1, -1; 0, 0, 0, 1, 0, 2; -255; 34.8, 85, 0.99, 86.2, 7.24, 684.0, 635.2, 1, 36.25, 8.67, 113.69, 0.3, 3.75, 15.17, 0.9, 0.03, 10.0, 0.01, 150.08
11.0	 1, 1, 0, 1, 0, 1, -1, 1, 1; 0, 0, 0, 1, 1, 2; -255; 35.8, 90, 0.99, 91.28, 7.27, 684.0, 631.72, 1, 36.25, 10.5, 113.45, 0.33, 2.75, 16.25, 0.9, 0.04, 11.0, 0.02, 150.1
12.0	 0, 0, 0, 0, 1, 0, 1, -1, -1; 0, 0, 0, 1, 1, 2; -255; 35.8, 90, 1.25, 71.75, 7.28, 684.0, 642.92, 1, 36.25, 10.48, 133.21, 0.36, 1.75, 16.43, 0.9, 0.03, 12.0, 0.01, 150.12
13.0	 0, -1, 0, 1, 0, 0, 0, 1, 0; 0, 0, 0, 1, 1, 2; -255; 35.8, 85, 1.04, 81.8, 7.29, 684.0, 634.45, 1, 36.25, 12.31, 132.97, 0.39, 0.75, 16.77, 0.9, 0.04, 13.0, 0.01, 150.15
14.0	 -1, -1, 1, 0, 1, 0, 0, 1, -1; 0, 0, 0, 1, 1, 2; -255; 34.8, 80, 0.93, 86.2, 7.28, 722.0, 670.26, 1, 38.27, 12.29, 152.75, 0.42, 0, 17.21, 0.95, 0.05, 14.0, 0, 150.2
15.0	 1, -1, 1, 0, 0, 1, 1, 1, -1; 0, 0, 0, 1, 1, 2; -255; 35.8, 75, 1.05, 71.67, 7.3, 722.0, 672.82, 1, 38.27, 12.27, 152.51, 0.45, 0, 18.31, 0.95, 0.06, 15.0, 0, 150.26
16.0	 -1, 0, 1, 0, 0, 1, 0, 0, 0; 0, 0, 0, 1, 1, 2; -255; 34.8, 75, 0.87, 86.18, 7.33, 722.0, 666.83, 1, 38.27, 12.25, 152.29, 0.48, 0, 19.4, 0.95, 0.06, 16.0, 0.0, 150.32
17.0	 0, 1, -1, 1, 0, 0, 1, -1, 0; 0, 0, 0, 1, 1, 2; -255; 34.8, 80, 1.05, 75.94, 7.38, 646.0, 600.42, 1, 34.24, 14.08, 152.07, 0.51, 0, 19.63, 0.85, 0.05, 17.0, 0.0, 150.37
18.0	 -1, -1, 0, 0, 0, 0, -1, 1, 0; 0, 0, 0, 1, 1, 2; -255; 33.8, 75, 0.74, 101.59, 7.39, 646.0, 585.32, 1, 34.24, 14.06, 151.86, 0.54, 0, 20.05, 0.85, 0.06, 18.0, 0.0, 150.43
19.0	 -1, -1, 0, 0, 0, 0, -1, 1, 0; 0, 0, 0, 1, 1, 2; -255; 32.8, 70, 0.66, 106.8, 7.4, 646.0, 582.22, 1, 34.24, 14.04, 151.67, 0.57, 0, 20.54, 0.85, 0.07, 19.0, 0.0, 150.5
20.0	 -1, 0, 1, 0, 0, 1, 0, 0, 0; 0, 0, 0, 1, 1, 2; -255; 31.8, 70, 0.7, 99.88, 7.37, 722.0, 666.35, 1, 38.27, 14.02, 151.49, 0.59, 0, 21.6, 0.95, 0.07, 20.0, 0.0, 150.57
21.0	 -1, 0, 1, 0, 0, 1, 0, 0, 0; 0, 0, 0, 1, 1, 2; -255; 30.8, 70, 0.67, 104.9, 7.39, 722.0, 667.46, 1, 38.27, 14.0, 151.32, 0.61, 0, 22.58, 0.95, 0.07, 21.0, 0.0, 150.64
22.0	 0, 0, 0, 0, 1, 0, 1, -1, -1; 0, 0, 0, 1, 1, 2; -255; 30.8, 70, 0.76, 92.05, 7.4, 722.0, 674.14, 1, 38.27, 13.98, 171.15, 0.63, 0, 22.74, 0.95, 0.06, 22.0, 0, 150.7
23.0	 0, 1, 1, 0, 0, 1, 1, 0, 0; 0, 0, 0, 1, 1, 2; -255; 30.8, 75, 0.82, 91.91, 7.41, 722.0, 677.41, 1, 38.27, 13.96, 170.98, 0.65, 0, 23.55, 0.95, 0.06, 23.0, 0.0, 150.76
24.0	 1, 1, -1, 1, 0, 1, 0, 0, 0; 0, 0, 0, 1, 1, 2; -255; 31.8, 80, 0.8, 100.14, 7.47, 646.0, 597.18, 1, 34.24, 15.78, 170.8, 0.67, 0, 24.3, 0.85, 0.06, 24.0, 0.0, 150.82
